    21
  0.0000
    49
  0.0000  0.0000     1
  0.1515  0.0000     1
  0.3030  0.0000     1
  0.4546  0.0000     1
  0.6061  0.0000     1
  0.7576  0.0000     1
  0.9091  0.0000     1
  1.0606  0.0000     1
  1.2121  0.0000     1
  1.3636  0.0000     1
  1.5152  0.0000     1
  1.6667  0.0000     1
  1.8182  0.0000     1
  1.9697  0.0000     1
  2.1212  0.0000     1
  2.2727  0.0000     1
  2.4243  0.0000     1
  2.5758  0.0000     1
  2.7273  0.0000     1
  2.8788  0.0000     1
  3.0303  0.0000     1
  3.1818  0.0000     1
  3.3333  0.0000     1
  3.4849  0.0000     1
  3.6364  0.0000     1
  3.7879  0.0000     1
  3.9394  0.0000     1
  4.0909  0.0000     1
  4.2424  0.0000     1
  4.3939  0.0000     1
  4.5455  0.0000     1
  4.6970  0.0000     1
  4.8485  0.0000     1
  5.0000  0.0000     1
  5.0000  0.1499     1
  5.0000  0.2999     1
  5.0000  0.4498     1
  5.0000  0.5997     1
  5.0000  0.7497     1
  5.0000  0.8996     1
  5.0000  1.0495     1
  5.0000  1.1995     1
  5.0000  1.3494     1
  5.0000  1.4993     1
  5.0000  1.6493     1
  5.0000  1.7992     1
  5.0000  1.9491     1
  5.0000  2.0991     1
  5.0000  2.2500     1
  5.0000
    49
  0.0000  0.0000     1
  0.1515  0.0000     1
  0.3030  0.0000     1
  0.4546  0.0000     1
  0.6061  0.0000     1
  0.7576  0.0000     1
  0.9091  0.0000     1
  1.0606  0.0000     1
  1.2121  0.0000     1
  1.3636  0.0000     1
  1.5152  0.0000     1
  1.6667  0.0000     1
  1.8182  0.0000     1
  1.9697  0.0000     1
  2.1212  0.0000     1
  2.2727  0.0000     1
  2.4243  0.0000     1
  2.5758  0.0000     1
  2.7273  0.0000     1
  2.8788  0.0000     1
  3.0303  0.0000     1
  3.1818  0.0000     1
  3.3333  0.0000     1
  3.4849  0.0000     1
  3.6364  0.0000     1
  3.7879  0.0000     1
  3.9394  0.0000     1
  4.0909  0.0000     1
  4.2424  0.0000     1
  4.3939  0.0000     1
  4.5455  0.0000     1
  4.6970  0.0000     1
  4.8485  0.0000     1
  5.0000  0.0000     1
  5.0000  0.1499     1
  5.0000  0.2999     1
  5.0000  0.4498     1
  5.0000  0.5997     1
  5.0000  0.7497     1
  5.0000  0.8996     1
  5.0000  1.0495     1
  5.0000  1.1995     1
  5.0000  1.3494     1
  5.0000  1.4993     1
  5.0000  1.6493     1
  5.0000  1.7992     1
  5.0000  1.9491     1
  5.0000  2.0991     1
  5.0000  2.2500     1
 10.0000
    49
  0.0000  0.0000     1
  0.1515  0.0000     1
  0.3030  0.0000     1
  0.4546  0.0000     1
  0.6061  0.0000     1
  0.7576  0.0000     1
  0.9091  0.0000     1
  1.0606  0.0000     1
  1.2121  0.0000     1
  1.3636  0.0000     1
  1.5152  0.0000     1
  1.6667  0.0000     1
  1.8182  0.0000     1
  1.9697  0.0000     1
  2.1212  0.0000     1
  2.2727  0.0000     1
  2.4243  0.0000     1
  2.5758  0.0000     1
  2.7273  0.0000     1
  2.8788  0.0000     1
  3.0303  0.0000     1
  3.1818  0.0000     1
  3.3333  0.0000     1
  3.4849  0.0000     1
  3.6364  0.0000     1
  3.7879  0.0000     1
  3.9394  0.0000     1
  4.0909  0.0000     1
  4.2424  0.0000     1
  4.3939  0.0000     1
  4.5455  0.0000     1
  4.6970  0.0000     1
  4.8485  0.0000     1
  5.0000  0.0000     1
  5.0000  0.1499     1
  5.0000  0.2999     1
  5.0000  0.4498     1
  5.0000  0.5997     1
  5.0000  0.7497     1
  5.0000  0.8996     1
  5.0000  1.0495     1
  5.0000  1.1995     1
  5.0000  1.3494     1
  5.0000  1.4993     1
  5.0000  1.6493     1
  5.0000  1.7992     1
  5.0000  1.9491     1
  5.0000  2.0991     1
  5.0000  2.2500     1
 15.0000
    49
  0.0000  0.0000     1
  0.1515  0.0000     1
  0.3030  0.0000     1
  0.4546  0.0000     1
  0.6061  0.0000     1
  0.7576  0.0000     1
  0.9091  0.0000     1
  1.0606  0.0000     1
  1.2121  0.0000     1
  1.3636  0.0000     1
  1.5152  0.0000     1
  1.6667  0.0000     1
  1.8182  0.0000     1
  1.9697  0.0000     1
  2.1212  0.0000     1
  2.2727  0.0000     1
  2.4243  0.0000     1
  2.5758  0.0000     1
  2.7273  0.0000     1
  2.8788  0.0000     1
  3.0303  0.0000     1
  3.1818  0.0000     1
  3.3333  0.0000     1
  3.4849  0.0000     1
  3.6364  0.0000     1
  3.7879  0.0000     1
  3.9394  0.0000     1
  4.0909  0.0000     1
  4.2424  0.0000     1
  4.3939  0.0000     1
  4.5455  0.0000     1
  4.6970  0.0000     1
  4.8485  0.0000     1
  5.0000  0.0000     1
  5.0000  0.1499     1
  5.0000  0.2999     1
  5.0000  0.4498     1
  5.0000  0.5997     1
  5.0000  0.7497     1
  5.0000  0.8996     1
  5.0000  1.0495     1
  5.0000  1.1995     1
  5.0000  1.3494     1
  5.0000  1.4993     1
  5.0000  1.6493     1
  5.0000  1.7992     1
  5.0000  1.9491     1
  5.0000  2.0991     1
  5.0000  2.2500     1
 20.0000
    49
  0.0000  0.0000     1
  0.1515  0.0000     1
  0.3030  0.0000     1
  0.4546  0.0000     1
  0.6061  0.0000     1
  0.7576  0.0000     1
  0.9091  0.0000     1
  1.0606  0.0000     1
  1.2121  0.0000     1
  1.3636  0.0000     1
  1.5152  0.0000     1
  1.6667  0.0000     1
  1.8182  0.0000     1
  1.9697  0.0000     1
  2.1212  0.0000     1
  2.2727  0.0000     1
  2.4243  0.0000     1
  2.5758  0.0000     1
  2.7273  0.0000     1
  2.8788  0.0000     1
  3.0303  0.0000     1
  3.1818  0.0000     1
  3.3333  0.0000     1
  3.4849  0.0000     1
  3.6364  0.0000     1
  3.7879  0.0000     1
  3.9394  0.0000     1
  4.0909  0.0000     1
  4.2424  0.0000     1
  4.3939  0.0000     1
  4.5455  0.0000     1
  4.6970  0.0000     1
  4.8485  0.0000     1
  5.0000  0.0000     1
  5.0000  0.1499     1
  5.0000  0.2999     1
  5.0000  0.4498     1
  5.0000  0.5997     1
  5.0000  0.7497     1
  5.0000  0.8996     1
  5.0000  1.0495     1
  5.0000  1.1995     1
  5.0000  1.3494     1
  5.0000  1.4993     1
  5.0000  1.6493     1
  5.0000  1.7992     1
  5.0000  1.9491     1
  5.0000  2.0991     1
  5.0000  2.2500     1
 25.0000
    49
  0.0000  0.0000     1
  0.1515  0.0000     1
  0.3030  0.0000     1
  0.4546  0.0000     1
  0.6061  0.0000     1
  0.7576  0.0000     1
  0.9091  0.0000     1
  1.0606  0.0000     1
  1.2121  0.0000     1
  1.3636  0.0000     1
  1.5152  0.0000     1
  1.6667  0.0000     1
  1.8182  0.0000     1
  1.9697  0.0000     1
  2.1212  0.0000     1
  2.2727  0.0000     1
  2.4243  0.0000     1
  2.5758  0.0000     1
  2.7273  0.0000     1
  2.8788  0.0000     1
  3.0303  0.0000     1
  3.1818  0.0000     1
  3.3333  0.0000     1
  3.4849  0.0000     1
  3.6364  0.0000     1
  3.7879  0.0000     1
  3.9394  0.0000     1
  4.0909  0.0000     1
  4.2424  0.0000     1
  4.3939  0.0000     1
  4.5455  0.0000     1
  4.6970  0.0000     1
  4.8485  0.0000     1
  5.0000  0.0000     1
  5.0000  0.1499     1
  5.0000  0.2999     1
  5.0000  0.4498     1
  5.0000  0.5997     1
  5.0000  0.7497     1
  5.0000  0.8996     1
  5.0000  1.0495     1
  5.0000  1.1995     1
  5.0000  1.3494     1
  5.0000  1.4993     1
  5.0000  1.6493     1
  5.0000  1.7992     1
  5.0000  1.9491     1
  5.0000  2.0991     1
  5.0000  2.2500     1
 30.0000
    49
  0.0000  0.0000     1
  0.1515  0.0000     1
  0.3030  0.0000     1
  0.4546  0.0000     1
  0.6061  0.0000     1
  0.7576  0.0000     1
  0.9091  0.0000     1
  1.0606  0.0000     1
  1.2121  0.0000     1
  1.3636  0.0000     1
  1.5152  0.0000     1
  1.6667  0.0000     1
  1.8182  0.0000     1
  1.9697  0.0000     1
  2.1212  0.0000     1
  2.2727  0.0000     1
  2.4243  0.0000     1
  2.5758  0.0000     1
  2.7273  0.0000     1
  2.8788  0.0000     1
  3.0303  0.0000     1
  3.1818  0.0000     1
  3.3333  0.0000     1
  3.4849  0.0000     1
  3.6364  0.0000     1
  3.7879  0.0000     1
  3.9394  0.0000     1
  4.0909  0.0000     1
  4.2424  0.0000     1
  4.3939  0.0000     1
  4.5455  0.0000     1
  4.6970  0.0000     1
  4.8485  0.0000     1
  5.0000  0.0000     1
  5.0000  0.1499     1
  5.0000  0.2999     1
  5.0000  0.4498     1
  5.0000  0.5997     1
  5.0000  0.7497     1
  5.0000  0.8996     1
  5.0000  1.0495     1
  5.0000  1.1995     1
  5.0000  1.3494     1
  5.0000  1.4993     1
  5.0000  1.6493     1
  5.0000  1.7992     1
  5.0000  1.9491     1
  5.0000  2.0991     1
  5.0000  2.2500     1
 35.0000
    49
  0.0000  0.0000     1
  0.1515  0.0000     1
  0.3030  0.0000     1
  0.4546  0.0000     1
  0.6061  0.0000     1
  0.7576  0.0000     1
  0.9091  0.0000     1
  1.0606  0.0000     1
  1.2121  0.0000     1
  1.3636  0.0000     1
  1.5152  0.0000     1
  1.6667  0.0000     1
  1.8182  0.0000     1
  1.9697  0.0000     1
  2.1212  0.0000     1
  2.2727  0.0000     1
  2.4243  0.0000     1
  2.5758  0.0000     1
  2.7273  0.0000     1
  2.8788  0.0000     1
  3.0303  0.0000     1
  3.1818  0.0000     1
  3.3333  0.0000     1
  3.4849  0.0000     1
  3.6364  0.0000     1
  3.7879  0.0000     1
  3.9394  0.0000     1
  4.0909  0.0000     1
  4.2424  0.0000     1
  4.3939  0.0000     1
  4.5455  0.0000     1
  4.6970  0.0000     1
  4.8485  0.0000     1
  5.0000  0.0000     1
  5.0000  0.1499     1
  5.0000  0.2999     1
  5.0000  0.4498     1
  5.0000  0.5997     1
  5.0000  0.7497     1
  5.0000  0.8996     1
  5.0000  1.0495     1
  5.0000  1.1995     1
  5.0000  1.3494     1
  5.0000  1.4993     1
  5.0000  1.6493     1
  5.0000  1.7992     1
  5.0000  1.9491     1
  5.0000  2.0991     1
  5.0000  2.2500     1
 40.0000
    49
  0.0000  0.0000     1
  0.1515  0.0000     1
  0.3030  0.0000     1
  0.4546  0.0000     1
  0.6061  0.0000     1
  0.7576  0.0000     1
  0.9091  0.0000     1
  1.0606  0.0000     1
  1.2121  0.0000     1
  1.3636  0.0000     1
  1.5152  0.0000     1
  1.6667  0.0000     1
  1.8182  0.0000     1
  1.9697  0.0000     1
  2.1212  0.0000     1
  2.2727  0.0000     1
  2.4243  0.0000     1
  2.5758  0.0000     1
  2.7273  0.0000     1
  2.8788  0.0000     1
  3.0303  0.0000     1
  3.1818  0.0000     1
  3.3333  0.0000     1
  3.4849  0.0000     1
  3.6364  0.0000     1
  3.7879  0.0000     1
  3.9394  0.0000     1
  4.0909  0.0000     1
  4.2424  0.0000     1
  4.3939  0.0000     1
  4.5455  0.0000     1
  4.6970  0.0000     1
  4.8485  0.0000     1
  5.0000  0.0000     1
  5.0000  0.1499     1
  5.0000  0.2999     1
  5.0000  0.4498     1
  5.0000  0.5997     1
  5.0000  0.7497     1
  5.0000  0.8996     1
  5.0000  1.0495     1
  5.0000  1.1995     1
  5.0000  1.3494     1
  5.0000  1.4993     1
  5.0000  1.6493     1
  5.0000  1.7992     1
  5.0000  1.9491     1
  5.0000  2.0991     1
  5.0000  2.2500     1
 45.0000
    49
  0.0000  0.0000     1
  0.1515  0.0000     1
  0.3030  0.0000     1
  0.4546  0.0000     1
  0.6061  0.0000     1
  0.7576  0.0000     1
  0.9091  0.0000     1
  1.0606  0.0000     1
  1.2121  0.0000     1
  1.3636  0.0000     1
  1.5152  0.0000     1
  1.6667  0.0000     1
  1.8182  0.0000     1
  1.9697  0.0000     1
  2.1212  0.0000     1
  2.2727  0.0000     1
  2.4243  0.0000     1
  2.5758  0.0000     1
  2.7273  0.0000     1
  2.8788  0.0000     1
  3.0303  0.0000     1
  3.1818  0.0000     1
  3.3333  0.0000     1
  3.4849  0.0000     1
  3.6364  0.0000     1
  3.7879  0.0000     1
  3.9394  0.0000     1
  4.0909  0.0000     1
  4.2424  0.0000     1
  4.3939  0.0000     1
  4.5455  0.0000     1
  4.6970  0.0000     1
  4.8485  0.0000     1
  5.0000  0.0000     1
  5.0000  0.1499     1
  5.0000  0.2999     1
  5.0000  0.4498     1
  5.0000  0.5997     1
  5.0000  0.7497     1
  5.0000  0.8996     1
  5.0000  1.0495     1
  5.0000  1.1995     1
  5.0000  1.3494     1
  5.0000  1.4993     1
  5.0000  1.6493     1
  5.0000  1.7992     1
  5.0000  1.9491     1
  5.0000  2.0991     1
  5.0000  2.2500     1
 50.0000
    49
  0.0000  0.0000     1
  0.1515  0.0000     1
  0.3030  0.0000     1
  0.4546  0.0000     1
  0.6061  0.0000     1
  0.7576  0.0000     1
  0.9091  0.0000     1
  1.0606  0.0000     1
  1.2121  0.0000     1
  1.3636  0.0000     1
  1.5152  0.0000     1
  1.6667  0.0000     1
  1.8182  0.0000     1
  1.9697  0.0000     1
  2.1212  0.0000     1
  2.2727  0.0000     1
  2.4243  0.0000     1
  2.5758  0.0000     1
  2.7273  0.0000     1
  2.8788  0.0000     1
  3.0303  0.0000     1
  3.1818  0.0000     1
  3.3333  0.0000     1
  3.4849  0.0000     1
  3.6364  0.0000     1
  3.7879  0.0000     1
  3.9394  0.0000     1
  4.0909  0.0000     1
  4.2424  0.0000     1
  4.3939  0.0000     1
  4.5455  0.0000     1
  4.6970  0.0000     1
  4.8485  0.0000     1
  5.0000  0.0000     1
  5.0000  0.1499     1
  5.0000  0.2999     1
  5.0000  0.4498     1
  5.0000  0.5997     1
  5.0000  0.7497     1
  5.0000  0.8996     1
  5.0000  1.0495     1
  5.0000  1.1995     1
  5.0000  1.3494     1
  5.0000  1.4993     1
  5.0000  1.6493     1
  5.0000  1.7992     1
  5.0000  1.9491     1
  5.0000  2.0991     1
  5.0000  2.2500     1
 55.0000
    49
  0.0000  0.0000     1
  0.1515  0.0000     1
  0.3030  0.0000     1
  0.4546  0.0000     1
  0.6061  0.0000     1
  0.7576  0.0000     1
  0.9091  0.0000     1
  1.0606  0.0000     1
  1.2121  0.0000     1
  1.3636  0.0000     1
  1.5152  0.0000     1
  1.6667  0.0000     1
  1.8182  0.0000     1
  1.9697  0.0000     1
  2.1212  0.0000     1
  2.2727  0.0000     1
  2.4243  0.0000     1
  2.5758  0.0000     1
  2.7273  0.0000     1
  2.8788  0.0000     1
  3.0303  0.0000     1
  3.1818  0.0000     1
  3.3333  0.0000     1
  3.4849  0.0000     1
  3.6364  0.0000     1
  3.7879  0.0000     1
  3.9394  0.0000     1
  4.0909  0.0000     1
  4.2424  0.0000     1
  4.3939  0.0000     1
  4.5455  0.0000     1
  4.6970  0.0000     1
  4.8485  0.0000     1
  5.0000  0.0000     1
  5.0000  0.1499     1
  5.0000  0.2999     1
  5.0000  0.4498     1
  5.0000  0.5997     1
  5.0000  0.7497     1
  5.0000  0.8996     1
  5.0000  1.0495     1
  5.0000  1.1995     1
  5.0000  1.3494     1
  5.0000  1.4993     1
  5.0000  1.6493     1
  5.0000  1.7992     1
  5.0000  1.9491     1
  5.0000  2.0991     1
  5.0000  2.2500     1
 60.0000
    49
  0.0000  0.0000     1
  0.1515  0.0000     1
  0.3030  0.0000     1
  0.4546  0.0000     1
  0.6061  0.0000     1
  0.7576  0.0000     1
  0.9091  0.0000     1
  1.0606  0.0000     1
  1.2121  0.0000     1
  1.3636  0.0000     1
  1.5152  0.0000     1
  1.6667  0.0000     1
  1.8182  0.0000     1
  1.9697  0.0000     1
  2.1212  0.0000     1
  2.2727  0.0000     1
  2.4243  0.0000     1
  2.5758  0.0000     1
  2.7273  0.0000     1
  2.8788  0.0000     1
  3.0303  0.0000     1
  3.1818  0.0000     1
  3.3333  0.0000     1
  3.4849  0.0000     1
  3.6364  0.0000     1
  3.7879  0.0000     1
  3.9394  0.0000     1
  4.0909  0.0000     1
  4.2424  0.0000     1
  4.3939  0.0000     1
  4.5455  0.0000     1
  4.6970  0.0000     1
  4.8485  0.0000     1
  5.0000  0.0000     1
  5.0000  0.1499     1
  5.0000  0.2999     1
  5.0000  0.4498     1
  5.0000  0.5997     1
  5.0000  0.7497     1
  5.0000  0.8996     1
  5.0000  1.0495     1
  5.0000  1.1995     1
  5.0000  1.3494     1
  5.0000  1.4993     1
  5.0000  1.6493     1
  5.0000  1.7992     1
  5.0000  1.9491     1
  5.0000  2.0991     1
  5.0000  2.2500     1
 65.0000
    49
  0.0000  0.0000     1
  0.1515  0.0000     1
  0.3030  0.0000     1
  0.4546  0.0000     1
  0.6061  0.0000     1
  0.7576  0.0000     1
  0.9091  0.0000     1
  1.0606  0.0000     1
  1.2121  0.0000     1
  1.3636  0.0000     1
  1.5152  0.0000     1
  1.6667  0.0000     1
  1.8182  0.0000     1
  1.9697  0.0000     1
  2.1212  0.0000     1
  2.2727  0.0000     1
  2.4243  0.0000     1
  2.5758  0.0000     1
  2.7273  0.0000     1
  2.8788  0.0000     1
  3.0303  0.0000     1
  3.1818  0.0000     1
  3.3333  0.0000     1
  3.4849  0.0000     1
  3.6364  0.0000     1
  3.7879  0.0000     1
  3.9394  0.0000     1
  4.0909  0.0000     1
  4.2424  0.0000     1
  4.3939  0.0000     1
  4.5455  0.0000     1
  4.6970  0.0000     1
  4.8485  0.0000     1
  5.0000  0.0000     1
  5.0000  0.1499     1
  5.0000  0.2999     1
  5.0000  0.4498     1
  5.0000  0.5997     1
  5.0000  0.7497     1
  5.0000  0.8996     1
  5.0000  1.0495     1
  5.0000  1.1995     1
  5.0000  1.3494     1
  5.0000  1.4993     1
  5.0000  1.6493     1
  5.0000  1.7992     1
  5.0000  1.9491     1
  5.0000  2.0991     1
  5.0000  2.2500     1
 70.0000
    49
  0.0000  0.0000     1
  0.1515  0.0000     1
  0.3030  0.0000     1
  0.4546  0.0000     1
  0.6061  0.0000     1
  0.7576  0.0000     1
  0.9091  0.0000     1
  1.0606  0.0000     1
  1.2121  0.0000     1
  1.3636  0.0000     1
  1.5152  0.0000     1
  1.6667  0.0000     1
  1.8182  0.0000     1
  1.9697  0.0000     1
  2.1212  0.0000     1
  2.2727  0.0000     1
  2.4243  0.0000     1
  2.5758  0.0000     1
  2.7273  0.0000     1
  2.8788  0.0000     1
  3.0303  0.0000     1
  3.1818  0.0000     1
  3.3333  0.0000     1
  3.4849  0.0000     1
  3.6364  0.0000     1
  3.7879  0.0000     1
  3.9394  0.0000     1
  4.0909  0.0000     1
  4.2424  0.0000     1
  4.3939  0.0000     1
  4.5455  0.0000     1
  4.6970  0.0000     1
  4.8485  0.0000     1
  5.0000  0.0000     1
  5.0000  0.1499     1
  5.0000  0.2999     1
  5.0000  0.4498     1
  5.0000  0.5997     1
  5.0000  0.7497     1
  5.0000  0.8996     1
  5.0000  1.0495     1
  5.0000  1.1995     1
  5.0000  1.3494     1
  5.0000  1.4993     1
  5.0000  1.6493     1
  5.0000  1.7992     1
  5.0000  1.9491     1
  5.0000  2.0991     1
  5.0000  2.2500     1
 75.0000
    49
  0.0000  0.0000     1
  0.1515  0.0000     1
  0.3030  0.0000     1
  0.4546  0.0000     1
  0.6061  0.0000     1
  0.7576  0.0000     1
  0.9091  0.0000     1
  1.0606  0.0000     1
  1.2121  0.0000     1
  1.3636  0.0000     1
  1.5152  0.0000     1
  1.6667  0.0000     1
  1.8182  0.0000     1
  1.9697  0.0000     1
  2.1212  0.0000     1
  2.2727  0.0000     1
  2.4243  0.0000     1
  2.5758  0.0000     1
  2.7273  0.0000     1
  2.8788  0.0000     1
  3.0303  0.0000     1
  3.1818  0.0000     1
  3.3333  0.0000     1
  3.4849  0.0000     1
  3.6364  0.0000     1
  3.7879  0.0000     1
  3.9394  0.0000     1
  4.0909  0.0000     1
  4.2424  0.0000     1
  4.3939  0.0000     1
  4.5455  0.0000     1
  4.6970  0.0000     1
  4.8485  0.0000     1
  5.0000  0.0000     1
  5.0000  0.1499     1
  5.0000  0.2999     1
  5.0000  0.4498     1
  5.0000  0.5997     1
  5.0000  0.7497     1
  5.0000  0.8996     1
  5.0000  1.0495     1
  5.0000  1.1995     1
  5.0000  1.3494     1
  5.0000  1.4993     1
  5.0000  1.6493     1
  5.0000  1.7992     1
  5.0000  1.9491     1
  5.0000  2.0991     1
  5.0000  2.2500     1
 80.0000
    49
  0.0000  0.0000     1
  0.1515  0.0000     1
  0.3030  0.0000     1
  0.4546  0.0000     1
  0.6061  0.0000     1
  0.7576  0.0000     1
  0.9091  0.0000     1
  1.0606  0.0000     1
  1.2121  0.0000     1
  1.3636  0.0000     1
  1.5152  0.0000     1
  1.6667  0.0000     1
  1.8182  0.0000     1
  1.9697  0.0000     1
  2.1212  0.0000     1
  2.2727  0.0000     1
  2.4243  0.0000     1
  2.5758  0.0000     1
  2.7273  0.0000     1
  2.8788  0.0000     1
  3.0303  0.0000     1
  3.1818  0.0000     1
  3.3333  0.0000     1
  3.4849  0.0000     1
  3.6364  0.0000     1
  3.7879  0.0000     1
  3.9394  0.0000     1
  4.0909  0.0000     1
  4.2424  0.0000     1
  4.3939  0.0000     1
  4.5455  0.0000     1
  4.6970  0.0000     1
  4.8485  0.0000     1
  5.0000  0.0000     1
  5.0000  0.1499     1
  5.0000  0.2999     1
  5.0000  0.4498     1
  5.0000  0.5997     1
  5.0000  0.7497     1
  5.0000  0.8996     1
  5.0000  1.0495     1
  5.0000  1.1995     1
  5.0000  1.3494     1
  5.0000  1.4993     1
  5.0000  1.6493     1
  5.0000  1.7992     1
  5.0000  1.9491     1
  5.0000  2.0991     1
  5.0000  2.2500     1
 85.0000
    49
  0.0000  0.0000     1
  0.1515  0.0000     1
  0.3030  0.0000     1
  0.4546  0.0000     1
  0.6061  0.0000     1
  0.7576  0.0000     1
  0.9091  0.0000     1
  1.0606  0.0000     1
  1.2121  0.0000     1
  1.3636  0.0000     1
  1.5152  0.0000     1
  1.6667  0.0000     1
  1.8182  0.0000     1
  1.9697  0.0000     1
  2.1212  0.0000     1
  2.2727  0.0000     1
  2.4243  0.0000     1
  2.5758  0.0000     1
  2.7273  0.0000     1
  2.8788  0.0000     1
  3.0303  0.0000     1
  3.1818  0.0000     1
  3.3333  0.0000     1
  3.4849  0.0000     1
  3.6364  0.0000     1
  3.7879  0.0000     1
  3.9394  0.0000     1
  4.0909  0.0000     1
  4.2424  0.0000     1
  4.3939  0.0000     1
  4.5455  0.0000     1
  4.6970  0.0000     1
  4.8485  0.0000     1
  5.0000  0.0000     1
  5.0000  0.1499     1
  5.0000  0.2999     1
  5.0000  0.4498     1
  5.0000  0.5997     1
  5.0000  0.7497     1
  5.0000  0.8996     1
  5.0000  1.0495     1
  5.0000  1.1995     1
  5.0000  1.3494     1
  5.0000  1.4993     1
  5.0000  1.6493     1
  5.0000  1.7992     1
  5.0000  1.9491     1
  5.0000  2.0991     1
  5.0000  2.2500     1
 90.0000
    49
  0.0000  0.0000     1
  0.1515  0.0000     1
  0.3030  0.0000     1
  0.4546  0.0000     1
  0.6061  0.0000     1
  0.7576  0.0000     1
  0.9091  0.0000     1
  1.0606  0.0000     1
  1.2121  0.0000     1
  1.3636  0.0000     1
  1.5152  0.0000     1
  1.6667  0.0000     1
  1.8182  0.0000     1
  1.9697  0.0000     1
  2.1212  0.0000     1
  2.2727  0.0000     1
  2.4243  0.0000     1
  2.5758  0.0000     1
  2.7273  0.0000     1
  2.8788  0.0000     1
  3.0303  0.0000     1
  3.1818  0.0000     1
  3.3333  0.0000     1
  3.4849  0.0000     1
  3.6364  0.0000     1
  3.7879  0.0000     1
  3.9394  0.0000     1
  4.0909  0.0000     1
  4.2424  0.0000     1
  4.3939  0.0000     1
  4.5455  0.0000     1
  4.6970  0.0000     1
  4.8485  0.0000     1
  5.0000  0.0000     1
  5.0000  0.1499     1
  5.0000  0.2999     1
  5.0000  0.4498     1
  5.0000  0.5997     1
  5.0000  0.7497     1
  5.0000  0.8996     1
  5.0000  1.0495     1
  5.0000  1.1995     1
  5.0000  1.3494     1
  5.0000  1.4993     1
  5.0000  1.6493     1
  5.0000  1.7992     1
  5.0000  1.9491     1
  5.0000  2.0991     1
  5.0000  2.2500     1
 95.0000
    49
  0.0000  0.0000     1
  0.1515  0.0000     1
  0.3030  0.0000     1
  0.4546  0.0000     1
  0.6061  0.0000     1
  0.7576  0.0000     1
  0.9091  0.0000     1
  1.0606  0.0000     1
  1.2121  0.0000     1
  1.3636  0.0000     1
  1.5152  0.0000     1
  1.6667  0.0000     1
  1.8182  0.0000     1
  1.9697  0.0000     1
  2.1212  0.0000     1
  2.2727  0.0000     1
  2.4243  0.0000     1
  2.5758  0.0000     1
  2.7273  0.0000     1
  2.8788  0.0000     1
  3.0303  0.0000     1
  3.1818  0.0000     1
  3.3333  0.0000     1
  3.4849  0.0000     1
  3.6364  0.0000     1
  3.7879  0.0000     1
  3.9394  0.0000     1
  4.0909  0.0000     1
  4.2424  0.0000     1
  4.3939  0.0000     1
  4.5455  0.0000     1
  4.6970  0.0000     1
  4.8485  0.0000     1
  5.0000  0.0000     1
  5.0000  0.1499     1
  5.0000  0.2999     1
  5.0000  0.4498     1
  5.0000  0.5997     1
  5.0000  0.7497     1
  5.0000  0.8996     1
  5.0000  1.0495     1
  5.0000  1.1995     1
  5.0000  1.3494     1
  5.0000  1.4993     1
  5.0000  1.6493     1
  5.0000  1.7992     1
  5.0000  1.9491     1
  5.0000  2.0991     1
  5.0000  2.2500     1
100.0000
    49
  0.0000  0.0000     1
  0.1515  0.0000     1
  0.3030  0.0000     1
  0.4546  0.0000     1
  0.6061  0.0000     1
  0.7576  0.0000     1
  0.9091  0.0000     1
  1.0606  0.0000     1
  1.2121  0.0000     1
  1.3636  0.0000     1
  1.5152  0.0000     1
  1.6667  0.0000     1
  1.8182  0.0000     1
  1.9697  0.0000     1
  2.1212  0.0000     1
  2.2727  0.0000     1
  2.4243  0.0000     1
  2.5758  0.0000     1
  2.7273  0.0000     1
  2.8788  0.0000     1
  3.0303  0.0000     1
  3.1818  0.0000     1
  3.3333  0.0000     1
  3.4849  0.0000     1
  3.6364  0.0000     1
  3.7879  0.0000     1
  3.9394  0.0000     1
  4.0909  0.0000     1
  4.2424  0.0000     1
  4.3939  0.0000     1
  4.5455  0.0000     1
  4.6970  0.0000     1
  4.8485  0.0000     1
  5.0000  0.0000     1
  5.0000  0.1499     1
  5.0000  0.2999     1
  5.0000  0.4498     1
  5.0000  0.5997     1
  5.0000  0.7497     1
  5.0000  0.8996     1
  5.0000  1.0495     1
  5.0000  1.1995     1
  5.0000  1.3494     1
  5.0000  1.4993     1
  5.0000  1.6493     1
  5.0000  1.7992     1
  5.0000  1.9491     1
  5.0000  2.0991     1
  5.0000  2.2500     1
