    84
  0.5000
     8
  0.0000  2.3517     1
  0.1849  2.3662     1
  0.3695  2.3834     1
  0.5538  2.4032     1
  0.7379  2.4259     1
  0.9215  2.4516     1
  1.1047  2.4805     1
  1.2819  2.5130     1
  1.0000
    13
  0.0000  2.1447     1
  0.1917  2.1574     1
  0.3829  2.1764     1
  0.5737  2.1993     1
  0.7641  2.2251     1
  0.9541  2.2535     1
  1.1438  2.2842     1
  1.3331  2.3174     1
  1.5218  2.3534     1
  1.7098  2.3931     1
  1.8965  2.4385     1
  2.0812  2.4914     1
  2.1440  2.5130     1
  1.5000
    16
  0.0000  1.9443     1
  0.1870  1.9671     1
  0.3745  1.9857     1
  0.5621  2.0031     1
  0.7495  2.0220     1
  0.9366  2.0443     1
  1.1231  2.0712     1
  1.3087  2.1032     1
  1.4933  2.1408     1
  1.6768  2.1838     1
  1.8590  2.2314     1
  2.0402  2.2831     1
  2.2203  2.3385     1
  2.3991  2.3978     1
  2.5763  2.4617     1
  2.7019  2.5130     1
  2.0000
    18
  0.0000  1.7440     1
  0.1921  1.7557     1
  0.3839  1.7708     1
  0.5754  1.7894     1
  0.7666  1.8117     1
  0.9572  1.8378     1
  1.1473  1.8679     1
  1.3366  1.9024     1
  1.5250  1.9416     1
  1.7122  1.9861     1
  1.8979  2.0364     1
  2.0819  2.0927     1
  2.2642  2.1542     1
  2.4450  2.2201     1
  2.6244  2.2896     1
  2.8028  2.3619     1
  2.9789  2.4394     1
  3.1227  2.5130     1
  2.4950
    21
  0.0000  1.6372     1
  0.1867  1.6362     1
  0.3733  1.6425     1
  0.5597  1.6534     1
  0.7459  1.6682     1
  0.9317  1.6865     1
  1.1171  1.7084     1
  1.3020  1.7341     1
  1.4863  1.7643     1
  1.6697  1.7995     1
  1.8517  1.8412     1
  2.0317  1.8907     1
  2.2099  1.9466     1
  2.3869  2.0061     1
  2.5618  2.0713     1
  2.7328  2.1463     1
  2.9017  2.2259     1
  3.0694  2.3081     1
  3.2355  2.3933     1
  3.3981  2.4851     1
  3.4398  2.5130     1
  2.5050
    37
  0.0000  1.6306     1
  0.1875  1.6272     1
  0.3748  1.6361     1
  0.5617  1.6518     1
  0.7483  1.6703     1
  0.9351  1.6879     1
  1.1221  1.7016     1
  1.3093  1.7138     1
  1.4962  1.7292     1
  1.6827  1.7486     1
  1.8693  1.7675     1
  2.0563  1.7819     1
  2.2436  1.7921     1
  2.4310  1.7989     1
  2.6185  1.7952     1
  2.8048  1.7738     1
  2.9893  1.7404     1
  3.1677  1.6832     1
  3.3402  1.6095     1
  3.5077  1.5254     1
  3.6668  1.4262     1
  3.8128  1.3086     1
  3.9477  1.1783     1
  4.0345  1.2985     1
  3.8623  1.4013     1
  3.6891  1.5026     1
  3.5151  1.6024     1
  3.3410  1.7021     1
  3.1674  1.8025     1
  2.9943  1.9039     1
  2.8216  2.0059     1
  2.6490  2.1081     1
  2.8249  2.1906     1
  3.0003  2.2745     1
  3.1744  2.3610     1
  3.3452  2.4537     1
  3.4392  2.5130     1
  3.0000
    36
  0.0000  1.4770     1
  0.1910  1.5027     1
  0.3812  1.5337     1
  0.5712  1.5663     1
  0.7610  1.5996     1
  0.9509  1.6330     1
  1.1408  1.6658     1
  1.3310  1.6966     1
  1.5220  1.7224     1
  1.7136  1.7434     1
  1.9054  1.7619     1
  2.0975  1.7782     1
  2.2898  1.7919     1
  2.4823  1.8011     1
  2.6750  1.7991     1
  2.8654  1.7710     1
  3.0524  1.7244     1
  3.2363  1.6670     1
  3.4151  1.5951     1
  3.5881  1.5102     1
  3.7543  1.4127     1
  3.9100  1.2993     1
  4.0543  1.1716     1
  4.1278  1.2918     1
  3.9708  1.4065     1
  3.8138  1.5212     1
  3.6568  1.6359     1
  3.4998  1.7506     1
  3.3428  1.8654     1
  3.1858  1.9801     1
  3.0288  2.0948     1
  3.2031  2.1830     1
  3.3728  2.2797     1
  3.5400  2.3807     1
  3.7033  2.4878     1
  3.7366  2.5130     1
  3.5000
    36
  0.0000  1.1765     1
  0.1662  1.2581     1
  0.3411  1.3346     1
  0.5170  1.4086     1
  0.6942  1.4797     1
  0.8732  1.5459     1
  1.0559  1.6007     1
  1.2420  1.6427     1
  1.4293  1.6794     1
  1.6171  1.7134     1
  1.8055  1.7444     1
  1.9946  1.7699     1
  2.1848  1.7848     1
  2.3756  1.7888     1
  2.5664  1.7860     1
  2.7570  1.7759     1
  2.9466  1.7544     1
  3.1329  1.7138     1
  3.3139  1.6533     1
  3.4911  1.5825     1
  3.6645  1.5028     1
  3.8306  1.4090     1
  3.9864  1.2988     1
  4.1343  1.1783     1
  4.2411  1.2784     1
  4.0924  1.4088     1
  3.9437  1.5393     1
  3.7949  1.6697     1
  3.6462  1.8002     1
  3.4975  1.9306     1
  3.3488  2.0611     1
  3.5051  2.1603     1
  3.6591  2.2631     1
  3.8106  2.3697     1
  3.9577  2.4822     1
  3.9927  2.5130     1
  4.0000
    38
  0.0000  0.8826     1
  0.0477  0.9026     1
  0.1924  1.0250     1
  0.3362  1.1484     1
  0.4905  1.2583     1
  0.6547  1.3527     1
  0.8244  1.4371     1
  0.9978  1.5137     1
  1.1752  1.5799     1
  1.3580  1.6299     1
  1.5435  1.6682     1
  1.7295  1.7047     1
  1.9159  1.7391     1
  2.1031  1.7686     1
  2.2916  1.7880     1
  2.4810  1.7925     1
  2.6703  1.7842     1
  2.8587  1.7647     1
  3.0450  1.7304     1
  3.2291  1.6853     1
  3.4106  1.6309     1
  3.5884  1.5653     1
  3.7604  1.4860     1
  3.9254  1.3928     1
  4.0815  1.2855     1
  4.2276  1.1649     1
  4.3344  1.2650     1
  4.2102  1.3898     1
  4.0859  1.5147     1
  3.9616  1.6396     1
  3.8373  1.7644     1
  3.7129  1.8894     1
  3.5887  2.0141     1
  3.7502  2.1295     1
  3.9081  2.2497     1
  4.0617  2.3753     1
  4.2099  2.5074     1
  4.2145  2.5130     1
  4.5000
    38
  0.0000  0.5888     1
  0.0941  0.6421     1
  0.2120  0.7887     1
  0.3366  0.9297     1
  0.4700  1.0624     1
  0.6154  1.1818     1
  0.7724  1.2854     1
  0.9381  1.3745     1
  1.1089  1.4535     1
  1.2831  1.5246     1
  1.4600  1.5888     1
  1.6399  1.6439     1
  1.8234  1.6854     1
  2.0090  1.7161     1
  2.1955  1.7414     1
  2.3828  1.7599     1
  2.5707  1.7683     1
  2.7588  1.7620     1
  2.9457  1.7405     1
  3.1309  1.7073     1
  3.3149  1.6676     1
  3.4962  1.6177     1
  3.6722  1.5511     1
  3.8431  1.4725     1
  4.0094  1.3844     1
  4.1677  1.2828     1
  4.3143  1.1649     1
  4.4144  1.2717     1
  4.2920  1.4094     1
  4.1694  1.5472     1
  4.0469  1.6850     1
  3.9244  1.8228     1
  3.8020  1.9605     1
  3.9533  2.0849     1
  4.1020  2.2122     1
  4.2474  2.3434     1
  4.3875  2.4802     1
  4.4162  2.5130     1
  5.0000
    38
  0.0000  0.2882     1
  0.0804  0.3215     1
  0.1885  0.4785     1
  0.3043  0.6298     1
  0.4273  0.7753     1
  0.5590  0.9130     1
  0.6999  1.0413     1
  0.8497  1.1590     1
  1.0070  1.2666     1
  1.1705  1.3644     1
  1.3398  1.4518     1
  1.5146  1.5277     1
  1.6943  1.5910     1
  1.8780  1.6417     1
  2.0646  1.6803     1
  2.2531  1.7079     1
  2.4428  1.7261     1
  2.6332  1.7354     1
  2.8237  1.7355     1
  3.0139  1.7245     1
  3.2028  1.6997     1
  3.3891  1.6594     1
  3.5714  1.6043     1
  3.7499  1.5375     1
  3.9244  1.4610     1
  4.0938  1.3737     1
  4.2554  1.2728     1
  4.4076  1.1582     1
  4.5011  1.2717     1
  4.3796  1.4288     1
  4.2581  1.5860     1
  4.1366  1.7431     1
  4.0152  1.9003     1
  4.1552  2.0341     1
  4.2927  2.1707     1
  4.4248  2.3124     1
  4.5496  2.4606     1
  4.5875  2.5130     1
  5.5000
    39
  0.0000 -0.0123     1
  0.1067  0.0544     1
  0.2046  0.2179     1
  0.3123  0.3752     1
  0.4301  0.5251     1
  0.5553  0.6689     1
  0.6862  0.8075     1
  0.8231  0.9402     1
  0.9672  1.0648     1
  1.1193  1.1797     1
  1.2784  1.2847     1
  1.4440  1.3792     1
  1.6160  1.4613     1
  1.7936  1.5304     1
  1.9757  1.5870     1
  2.1606  1.6331     1
  2.3477  1.6700     1
  2.5363  1.6973     1
  2.7263  1.7129     1
  2.9169  1.7128     1
  3.1067  1.6957     1
  3.2948  1.6649     1
  3.4815  1.6264     1
  3.6664  1.5799     1
  3.8481  1.5222     1
  4.0237  1.4482     1
  4.1914  1.3577     1
  4.3521  1.2551     1
  4.5076  1.1449     1
  4.6144  1.2383     1
  4.5129  1.3903     1
  4.4114  1.5425     1
  4.3099  1.6946     1
  4.2084  1.8467     1
  4.3352  1.9918     1
  4.4598  2.1387     1
  4.5807  2.2888     1
  4.6963  2.4429     1
  4.7436  2.5130     1
  6.0000
    38
  0.0000 -0.0122     1
  0.2266 -0.0125     1
  0.3437  0.1355     1
  0.4630  0.2817     1
  0.5845  0.4262     1
  0.7091  0.5679     1
  0.8382  0.7056     1
  0.9730  0.8377     1
  1.1144  0.9626     1
  1.2624  1.0797     1
  1.4166  1.1885     1
  1.5764  1.2889     1
  1.7411  1.3810     1
  1.9106  1.4639     1
  2.0848  1.5365     1
  2.2636  1.5967     1
  2.4466  1.6425     1
  2.6329  1.6728     1
  2.8210  1.6870     1
  3.0097  1.6855     1
  3.1978  1.6705     1
  3.3846  1.6439     1
  3.5696  1.6067     1
  3.7522  1.5592     1
  3.9317  1.5010     1
  4.1070  1.4311     1
  4.2764  1.3480     1
  4.4382  1.2509     1
  4.5942  1.1449     1
  4.7143  1.2249     1
  4.6057  1.4121     1
  4.4970  1.5993     1
  4.3884  1.7864     1
  4.5052  1.9401     1
  4.6198  2.0954     1
  4.7307  2.2533     1
  4.8368  2.4146     1
  4.8949  2.5130     1
  6.5000
    38
  0.0000 -0.0054     1
  0.1967 -0.0088     1
  0.3933 -0.0121     1
  0.5269  0.1249     1
  0.6622  0.2603     1
  0.7991  0.3941     1
  0.9373  0.5265     1
  1.0766  0.6577     1
  1.2172  0.7877     1
  1.3592  0.9160     1
  1.5035  1.0417     1
  1.6525  1.1618     1
  1.8111  1.2687     1
  1.9799  1.3587     1
  2.1546  1.4369     1
  2.3329  1.5064     1
  2.5146  1.5664     1
  2.6998  1.6148     1
  2.8883  1.6473     1
  3.0792  1.6604     1
  3.2704  1.6547     1
  3.4604  1.6319     1
  3.6483  1.5954     1
  3.8336  1.5477     1
  4.0160  1.4898     1
  4.1948  1.4217     1
  4.3686  1.3417     1
  4.5342  1.2459     1
  4.6876  1.1315     1
  4.8076  1.2048     1
  4.7234  1.3808     1
  4.6392  1.5569     1
  4.5549  1.7329     1
  4.6653  1.8921     1
  4.7720  2.0538     1
  4.8722  2.2196     1
  4.9644  2.3899     1
  5.0229  2.5130     1
  7.0000
    39
  0.0000 -0.0120     1
  0.1844 -0.0120     1
  0.3689 -0.0120     1
  0.5533 -0.0120     1
  0.7034  0.0989     1
  0.8494  0.2152     1
  0.9909  0.3369     1
  1.1298  0.4617     1
  1.2681  0.5871     1
  1.4071  0.7117     1
  1.5484  0.8336     1
  1.6931  0.9516     1
  1.8413  1.0650     1
  1.9927  1.1743     1
  2.1472  1.2790     1
  2.3070  1.3753     1
  2.4738  1.4592     1
  2.6479  1.5263     1
  2.8285  1.5729     1
  3.0131  1.6002     1
  3.1994  1.6125     1
  3.3860  1.6124     1
  3.5723  1.6014     1
  3.7575  1.5783     1
  3.9391  1.5356     1
  4.1151  1.4736     1
  4.2884  1.4040     1
  4.4592  1.3287     1
  4.6248  1.2427     1
  4.7742  1.1315     1
  4.9009  1.1982     1
  4.8367  1.3563     1
  4.7724  1.5145     1
  4.7082  1.6727     1
  4.8099  1.8402     1
  4.9082  2.0097     1
  5.0002  2.1827     1
  5.0843  2.3597     1
  5.1475  2.5130     1
  7.5000
    39
  0.0000 -0.0119     1
  0.1800 -0.0119     1
  0.3600 -0.0119     1
  0.5400 -0.0119     1
  0.7199 -0.0119     1
  0.8822  0.0868     1
  1.0411  0.1908     1
  1.1960  0.3007     1
  1.3476  0.4153     1
  1.4968  0.5327     1
  1.6446  0.6521     1
  1.7912  0.7730     1
  1.9369  0.8948     1
  2.0836  1.0154     1
  2.2342  1.1312     1
  2.3908  1.2386     1
  2.5547  1.3346     1
  2.7255  1.4175     1
  2.9022  1.4870     1
  3.0840  1.5422     1
  3.2699  1.5809     1
  3.4588  1.5999     1
  3.6485  1.5953     1
  3.8365  1.5687     1
  4.0211  1.5240     1
  4.2017  1.4652     1
  4.3788  1.3966     1
  4.5519  1.3185     1
  4.7169  1.2245     1
  4.8742  1.1181     1
  4.9876  1.1647     1
  4.9212  1.3886     1
  4.8548  1.6125     1
  4.9344  1.7748     1
  5.0133  1.9374     1
  5.0902  2.1010     1
  5.1643  2.2659     1
  5.2341  2.4327     1
  5.2636  2.5130     1
  8.0000
    39
  0.0000 -0.0118     1
  0.1787 -0.0107     1
  0.3574 -0.0095     1
  0.5360 -0.0084     1
  0.7147 -0.0073     1
  0.8933 -0.0062     1
  1.0689  0.0741     1
  1.2399  0.1637     1
  1.4055  0.2631     1
  1.5664  0.3700     1
  1.7242  0.4813     1
  1.8799  0.5955     1
  2.0338  0.7123     1
  2.1859  0.8313     1
  2.3373  0.9513     1
  2.4895  1.0700     1
  2.6442  1.1857     1
  2.8027  1.2961     1
  2.9669  1.3976     1
  3.1393  1.4845     1
  3.3221  1.5463     1
  3.5128  1.5747     1
  3.7058  1.5723     1
  3.8973  1.5477     1
  4.0862  1.5079     1
  4.2717  1.4541     1
  4.4530  1.3876     1
  4.6293  1.3088     1
  4.7989  1.2166     1
  4.9608  1.1114     1
  5.0743  1.1848     1
  5.0278  1.3719     1
  4.9814  1.5590     1
  5.0539  1.7274     1
  5.1261  1.8960     1
  5.1975  2.0650     1
  5.2671  2.2346     1
  5.3296  2.4070     1
  5.3596  2.5130     1
  8.5000
    40
  0.0000 -0.0117     1
  0.1823 -0.0117     1
  0.3644 -0.0117     1
  0.5466 -0.0117     1
  0.7289 -0.0117     1
  0.9111 -0.0117     1
  1.0932 -0.0117     1
  1.2666  0.0598     1
  1.4377  0.1362     1
  1.6053  0.2203     1
  1.7685  0.3126     1
  1.9270  0.4127     1
  2.0816  0.5188     1
  2.2328  0.6297     1
  2.3810  0.7446     1
  2.5264  0.8629     1
  2.6707  0.9826     1
  2.8162  1.1009     1
  2.9654  1.2145     1
  3.1210  1.3189     1
  3.2862  1.4074     1
  3.4610  1.4750     1
  3.6429  1.5196     1
  3.8292  1.5396     1
  4.0163  1.5319     1
  4.1999  1.4946     1
  4.3779  1.4360     1
  4.5530  1.3688     1
  4.7253  1.2950     1
  4.8921  1.2094     1
  5.0475  1.1048     1
  5.1542  1.1648     1
  5.1344  1.3351     1
  5.1146  1.5055     1
  5.1796  1.6796     1
  5.2411  1.8549     1
  5.2989  2.0315     1
  5.3534  2.2092     1
  5.4038  2.3880     1
  5.4353  2.5130     1
  9.0000
    40
  0.0000 -0.0116     1
  0.1857 -0.0116     1
  0.3715 -0.0116     1
  0.5572 -0.0116     1
  0.7429 -0.0116     1
  0.9285 -0.0116     1
  1.1142 -0.0116     1
  1.2999 -0.0116     1
  1.4755  0.0585     1
  1.6507  0.1294     1
  1.8245  0.2042     1
  1.9958  0.2842     1
  2.1641  0.3705     1
  2.3280  0.4648     1
  2.4860  0.5687     1
  2.6378  0.6814     1
  2.7844  0.8008     1
  2.9272  0.9248     1
  3.0683  1.0507     1
  3.2115  1.1742     1
  3.3615  1.2892     1
  3.5217  1.3895     1
  3.6925  1.4703     1
  3.8759  1.5139     1
  4.0647  1.5108     1
  4.2513  1.4806     1
  4.4349  1.4355     1
  4.6153  1.3788     1
  4.7890  1.3045     1
  4.9521  1.2089     1
  5.1142  1.1115     1
  5.2342  1.1581     1
  5.2244  1.3051     1
  5.2145  1.4521     1
  5.2692  1.6334     1
  5.3236  1.8150     1
  5.3771  1.9967     1
  5.4292  2.1789     1
  5.4774  2.3622     1
  5.5098  2.5130     1
  9.5000
    40
  0.0000 -0.0115     1
  0.1877 -0.0115     1
  0.3751 -0.0115     1
  0.5626 -0.0115     1
  0.7500 -0.0115     1
  0.9375 -0.0115     1
  1.1249 -0.0115     1
  1.3125 -0.0115     1
  1.4999 -0.0115     1
  1.6856  0.0340     1
  1.8682  0.0907     1
  2.0473  0.1577     1
  2.2226  0.2341     1
  2.3936  0.3198     1
  2.5592  0.4155     1
  2.7185  0.5212     1
  2.8718  0.6356     1
  3.0185  0.7582     1
  3.1571  0.8899     1
  3.2887  1.0287     1
  3.4285  1.1590     1
  3.5880  1.2640     1
  3.7620  1.3430     1
  3.9432  1.4041     1
  4.1291  1.4491     1
  4.3186  1.4731     1
  4.5084  1.4558     1
  4.6840  1.3815     1
  4.8533  1.2928     1
  5.0277  1.2142     1
  5.1875  1.1115     1
  5.3075  1.1381     1
  5.3077  1.2717     1
  5.3078  1.4053     1
  5.3619  1.5900     1
  5.4121  1.7758     1
  5.4574  1.9628     1
  5.4979  2.1510     1
  5.5344  2.3400     1
  5.5639  2.5130     1
 10.0000
    39
  0.0000 -0.0114     1
  0.1926 -0.0114     1
  0.3853 -0.0114     1
  0.5779 -0.0114     1
  0.7704 -0.0114     1
  0.9630 -0.0114     1
  1.1556 -0.0114     1
  1.3482 -0.0114     1
  1.5406 -0.0114     1
  1.7332 -0.0114     1
  1.9227  0.0255     1
  2.1099  0.0732     1
  2.2926  0.1357     1
  2.4703  0.2113     1
  2.6431  0.2976     1
  2.8102  0.3945     1
  2.9700  0.5029     1
  3.1219  0.6221     1
  3.2672  0.7493     1
  3.4093  0.8802     1
  3.5512  1.0112     1
  3.6963  1.1387     1
  3.8475  1.2589     1
  4.0059  1.3694     1
  4.1805  1.4472     1
  4.3736  1.4456     1
  4.5661  1.4312     1
  4.7513  1.3780     1
  4.9274  1.2985     1
  5.0990  1.2100     1
  5.2608  1.1048     1
  5.3808  1.1447     1
  5.3878  1.3719     1
  5.4319  1.5614     1
  5.4752  1.7512     1
  5.5164  1.9414     1
  5.5546  2.1323     1
  5.5874  2.3241     1
  5.6129  2.5130     1
 10.5000
    41
  0.0000 -0.0113     1
  0.1961 -0.0113     1
  0.3920 -0.0113     1
  0.5881 -0.0113     1
  0.7840 -0.0113     1
  0.9801 -0.0113     1
  1.1759 -0.0113     1
  1.3720 -0.0113     1
  1.5679 -0.0113     1
  1.7638 -0.0113     1
  1.9598 -0.0113     1
  2.1428  0.0175     1
  2.3240  0.0563     1
  2.5020  0.1076     1
  2.6756  0.1724     1
  2.8433  0.2509     1
  3.0042  0.3429     1
  3.1573  0.4471     1
  3.3040  0.5604     1
  3.4455  0.6800     1
  3.5826  0.8046     1
  3.7155  0.9338     1
  3.8456  1.0657     1
  3.9801  1.1930     1
  4.1305  1.3009     1
  4.2980  1.3796     1
  4.4780  1.4218     1
  4.6625  1.4140     1
  4.8401  1.3622     1
  5.0096  1.2873     1
  5.1731  1.2002     1
  5.3275  1.0981     1
  5.4475  1.1314     1
  5.4477  1.3385     1
  5.4925  1.5304     1
  5.5321  1.7235     1
  5.5656  1.9177     1
  5.5939  2.1128     1
  5.6182  2.3084     1
  5.6397  2.5044     1
  5.6404  2.5130     1
 11.0000
    42
  0.0000 -0.0112     1
  0.1846 -0.0112     1
  0.3689 -0.0112     1
  0.5535 -0.0112     1
  0.7379 -0.0112     1
  0.9223 -0.0112     1
  1.1067 -0.0112     1
  1.2911 -0.0112     1
  1.4755 -0.0112     1
  1.6599 -0.0112     1
  1.8444 -0.0112     1
  2.0288 -0.0112     1
  2.2131 -0.0112     1
  2.3971  0.0014     1
  2.5768  0.0431     1
  2.7510  0.1042     1
  2.9206  0.1770     1
  3.0861  0.2588     1
  3.2470  0.3492     1
  3.4022  0.4492     1
  3.5497  0.5601     1
  3.6891  0.6810     1
  3.8221  0.8091     1
  3.9512  0.9410     1
  4.0807  1.0726     1
  4.2168  1.1972     1
  4.3657  1.3060     1
  4.5350  1.3777     1
  4.7185  1.3871     1
  4.8988  1.3486     1
  5.0692  1.2782     1
  5.2309  1.1892     1
  5.3874  1.0915     1
  5.5008  1.1181     1
  5.5143  1.2984     1
  5.5435  1.4795     1
  5.5712  1.6607     1
  5.5963  1.8423     1
  5.6186  2.0242     1
  5.6378  2.2066     1
  5.6542  2.3892     1
  5.6637  2.5130     1
 11.5000
    42
  0.0000 -0.0111     1
  0.1874 -0.0111     1
  0.3745 -0.0111     1
  0.5617 -0.0111     1
  0.7488 -0.0111     1
  0.9359 -0.0111     1
  1.1232 -0.0111     1
  1.3102 -0.0111     1
  1.4973 -0.0111     1
  1.6846 -0.0111     1
  1.8717 -0.0111     1
  2.0588 -0.0111     1
  2.2460 -0.0111     1
  2.4331 -0.0111     1
  2.6171  0.0125     1
  2.7999  0.0443     1
  2.9796  0.0906     1
  3.1538  0.1542     1
  3.3207  0.2352     1
  3.4802  0.3299     1
  3.6323  0.4362     1
  3.7765  0.5529     1
  3.9127  0.6789     1
  4.0430  0.8110     1
  4.1706  0.9458     1
  4.3002  1.0785     1
  4.4390  1.2015     1
  4.5954  1.3006     1
  4.7739  1.3476     1
  4.9581  1.3321     1
  5.1325  1.2698     1
  5.2940  1.1787     1
  5.4541  1.0848     1
  5.5541  1.1315     1
  5.5676  1.2584     1
  5.5913  1.4431     1
  5.6122  1.6282     1
  5.6301  1.8137     1
  5.6454  1.9993     1
  5.6587  2.1851     1
  5.6707  2.3711     1
  5.6790  2.5130     1
 12.0000
    42
  0.0000 -0.0110     1
  0.1896 -0.0110     1
  0.3792 -0.0110     1
  0.5688 -0.0110     1
  0.7581 -0.0110     1
  0.9478 -0.0110     1
  1.1372 -0.0110     1
  1.3268 -0.0110     1
  1.5162 -0.0110     1
  1.7058 -0.0110     1
  1.8952 -0.0110     1
  2.0847 -0.0110     1
  2.2742 -0.0110     1
  2.4637 -0.0110     1
  2.6531 -0.0110     1
  2.8369  0.0167     1
  3.0201  0.0488     1
  3.2014  0.0904     1
  3.3787  0.1462     1
  3.5482  0.2222     1
  3.7069  0.3190     1
  3.8544  0.4321     1
  3.9932  0.5558     1
  4.1267  0.6854     1
  4.2572  0.8178     1
  4.3869  0.9511     1
  4.5186  1.0823     1
  4.6603  1.2025     1
  4.8223  1.2932     1
  5.0042  1.3131     1
  5.1785  1.2497     1
  5.3436  1.1641     1
  5.5007  1.0648     1
  5.6008  1.1583     1
  5.6076  1.2251     1
  5.6265  1.4129     1
  5.6441  1.6010     1
  5.6591  1.7892     1
  5.6714  1.9777     1
  5.6809  2.1663     1
  5.6882  2.3550     1
  5.6929  2.5130     1
 13.0000
    40
  0.0000 -0.0108     1
  0.1938 -0.0108     1
  0.3875 -0.0108     1
  0.5813 -0.0108     1
  0.7752 -0.0108     1
  0.9689 -0.0108     1
  1.1626 -0.0108     1
  1.3562 -0.0108     1
  1.5500 -0.0108     1
  1.7436 -0.0108     1
  1.9375 -0.0108     1
  2.1312 -0.0108     1
  2.3249 -0.0108     1
  2.5185 -0.0108     1
  2.7124 -0.0108     1
  2.9060 -0.0108     1
  3.0997 -0.0108     1
  3.2930  0.0072     1
  3.4847  0.0375     1
  3.6717  0.0891     1
  3.8501  0.1655     1
  4.0174  0.2638     1
  4.1755  0.3764     1
  4.3257  0.4995     1
  4.4686  0.6309     1
  4.6043  0.7696     1
  4.7343  0.9139     1
  4.8677  1.0548     1
  5.0204  1.1744     1
  5.2032  1.2214     1
  5.3835  1.1511     1
  5.5541  1.0583     1
  5.6675  1.1584     1
  5.6821  1.3520     1
  5.6910  1.5460     1
  5.6960  1.7402     1
  5.6988  1.9344     1
  5.7004  2.1286     1
  5.7015  2.3229     1
  5.7022  2.5130     1
 14.0000
    42
  0.0000 -0.0106     1
  0.1893 -0.0106     1
  0.3785 -0.0106     1
  0.5676 -0.0106     1
  0.7566 -0.0106     1
  0.9457 -0.0106     1
  1.1349 -0.0106     1
  1.3240 -0.0106     1
  1.5129 -0.0106     1
  1.7022 -0.0106     1
  1.8911 -0.0106     1
  2.0802 -0.0106     1
  2.2693 -0.0106     1
  2.4586 -0.0106     1
  2.6476 -0.0106     1
  2.8367 -0.0106     1
  3.0257 -0.0106     1
  3.2149 -0.0106     1
  3.4040 -0.0106     1
  3.5930 -0.0106     1
  3.7811  0.0078     1
  3.9668  0.0433     1
  4.1451  0.1054     1
  4.3131  0.1920     1
  4.4713  0.2954     1
  4.6188  0.4135     1
  4.7522  0.5475     1
  4.8738  0.6922     1
  4.9937  0.8385     1
  5.1228  0.9764     1
  5.2660  1.0993     1
  5.4488  1.1095     1
  5.6207  1.0317     1
  5.7050  1.1318     1
  5.7050  1.3281     1
  5.7050  1.5245     1
  5.7050  1.7209     1
  5.7050  1.9172     1
  5.7050  2.1137     1
  5.7050  2.3101     1
  5.7050  2.5065     1
  5.7050  2.5130     1
 15.0000
    42
  0.0000 -0.0104     1
  0.1857 -0.0104     1
  0.3710 -0.0104     1
  0.5565 -0.0104     1
  0.7420 -0.0104     1
  0.9274 -0.0104     1
  1.1127 -0.0104     1
  1.2981 -0.0104     1
  1.4835 -0.0104     1
  1.6691 -0.0104     1
  1.8546 -0.0104     1
  2.0400 -0.0104     1
  2.2254 -0.0104     1
  2.4108 -0.0104     1
  2.5963 -0.0104     1
  2.7816 -0.0104     1
  2.9672 -0.0104     1
  3.1525 -0.0104     1
  3.3380 -0.0104     1
  3.5234 -0.0104     1
  3.7089 -0.0104     1
  3.8943 -0.0104     1
  4.0796 -0.0104     1
  4.2721  0.0154     1
  4.4589  0.0678     1
  4.6326  0.1540     1
  4.7923  0.2645     1
  4.9362  0.3947     1
  5.0552  0.5479     1
  5.1613  0.7106     1
  5.2681  0.8728     1
  5.4014  1.0112     1
  5.5874  1.0319     1
  5.7050  1.1053     1
  5.7050  1.2886     1
  5.7050  1.4719     1
  5.7050  1.6552     1
  5.7050  1.8386     1
  5.7050  2.0219     1
  5.7050  2.2053     1
  5.7050  2.3886     1
  5.7050  2.5130     1
 16.0000
    42
  0.0000 -0.0102     1
  0.1884 -0.0102     1
  0.3764 -0.0102     1
  0.5643 -0.0102     1
  0.7525 -0.0102     1
  0.9404 -0.0102     1
  1.1285 -0.0102     1
  1.3166 -0.0102     1
  1.5044 -0.0102     1
  1.6925 -0.0102     1
  1.8806 -0.0102     1
  2.0687 -0.0102     1
  2.2567 -0.0102     1
  2.4446 -0.0102     1
  2.6327 -0.0102     1
  2.8208 -0.0102     1
  3.0088 -0.0102     1
  3.1968 -0.0102     1
  3.3849 -0.0102     1
  3.5727 -0.0102     1
  3.7608 -0.0102     1
  3.9489 -0.0102     1
  4.1369 -0.0102     1
  4.3250 -0.0102     1
  4.5129 -0.0102     1
  4.7074  0.0291     1
  4.8966  0.0881     1
  5.0648  0.1919     1
  5.1970  0.3393     1
  5.2973  0.5103     1
  5.3783  0.6914     1
  5.4605  0.8719     1
  5.6273  1.0054     1
  5.7050  1.1055     1
  5.7050  1.2887     1
  5.7050  1.4721     1
  5.7050  1.6554     1
  5.7050  1.8387     1
  5.7050  2.0221     1
  5.7050  2.2054     1
  5.7050  2.3888     1
  5.7050  2.5130     1
 17.0000
    43
  0.0000 -0.0100     1
  0.1928 -0.0100     1
  0.3853 -0.0100     1
  0.5778 -0.0100     1
  0.7704 -0.0100     1
  0.9628 -0.0100     1
  1.1553 -0.0100     1
  1.3479 -0.0100     1
  1.5403 -0.0100     1
  1.7327 -0.0100     1
  1.9254 -0.0100     1
  2.1179 -0.0100     1
  2.3104 -0.0100     1
  2.5029 -0.0100     1
  2.6953 -0.0100     1
  2.8880 -0.0100     1
  3.0803 -0.0100     1
  3.2729 -0.0100     1
  3.4654 -0.0100     1
  3.6578 -0.0100     1
  3.8504 -0.0100     1
  4.0428 -0.0100     1
  4.2353 -0.0100     1
  4.4280 -0.0100     1
  4.6204 -0.0100     1
  4.8129 -0.0100     1
  5.0022  0.0184     1
  5.1822  0.0824     1
  5.3368  0.1942     1
  5.4443  0.3517     1
  5.5085  0.5319     1
  5.5499  0.7189     1
  5.5939  0.9054     1
  5.6473  0.9855     1
  5.7050  1.0589     1
  5.7050  1.2458     1
  5.7050  1.4327     1
  5.7050  1.6196     1
  5.7050  1.8066     1
  5.7050  1.9935     1
  5.7050  2.1805     1
  5.7050  2.3674     1
  5.7050  2.5130     1
 17.4950
    43
  0.0000 -0.0099     1
  0.1878 -0.0099     1
  0.3755 -0.0099     1
  0.5632 -0.0099     1
  0.7509 -0.0099     1
  0.9385 -0.0099     1
  1.1262 -0.0099     1
  1.3139 -0.0099     1
  1.5016 -0.0099     1
  1.6892 -0.0099     1
  1.8768 -0.0099     1
  2.0646 -0.0099     1
  2.2521 -0.0099     1
  2.4399 -0.0099     1
  2.6276 -0.0099     1
  2.8153 -0.0099     1
  3.0029 -0.0099     1
  3.1905 -0.0099     1
  3.3783 -0.0099     1
  3.5659 -0.0099     1
  3.7535 -0.0099     1
  3.9412 -0.0099     1
  4.1289 -0.0099     1
  4.3165 -0.0099     1
  4.5043 -0.0099     1
  4.6919 -0.0099     1
  4.8795 -0.0099     1
  5.0723  0.0375     1
  5.2592  0.1035     1
  5.4167  0.2216     1
  5.5098  0.3958     1
  5.5641  0.5866     1
  5.6073  0.7804     1
  5.6539  0.9722     1
  5.7050  1.0323     1
  5.7050  1.2212     1
  5.7050  1.4102     1
  5.7050  1.5992     1
  5.7050  1.7882     1
  5.7050  1.9772     1
  5.7050  2.1662     1
  5.7050  2.3552     1
  5.7050  2.5130     1
 17.5100
    45
  0.0000 -0.0099     1
  0.1880 -0.0099     1
  0.3758 -0.0099     1
  0.5636 -0.0099     1
  0.7515 -0.0099     1
  0.9394 -0.0099     1
  1.1273 -0.0099     1
  1.3151 -0.0099     1
  1.5029 -0.0099     1
  1.6908 -0.0099     1
  1.8786 -0.0099     1
  2.0665 -0.0099     1
  2.2544 -0.0099     1
  2.4422 -0.0099     1
  2.6300 -0.0099     1
  2.8179 -0.0099     1
  3.0058 -0.0099     1
  3.1936 -0.0099     1
  3.3815 -0.0099     1
  3.5693 -0.0099     1
  3.7572 -0.0099     1
  3.9450 -0.0099     1
  3.9450  0.1901     1
  3.9450  0.3901     1
  3.9450  0.5901     1
  3.9450  0.7901     1
  3.9450  0.9901     1
  3.9450  1.1901     1
  4.1236  1.1901     1
  4.3021  1.1901     1
  4.4807  1.1901     1
  4.6593  1.1901     1
  4.8379  1.1901     1
  5.0164  1.1901     1
  5.1950  1.1901     1
  5.3650  1.2351     1
  5.5350  1.2801     1
  5.7050  1.3251     1
  5.7050  1.5218     1
  5.7050  1.7185     1
  5.7050  1.9153     1
  5.7050  2.1120     1
  5.7050  2.3087     1
  5.7050  2.5054     1
  5.7050  2.5130     1
 18.4901
    45
  0.0000 -0.0097     1
  0.1880 -0.0097     1
  0.3758 -0.0097     1
  0.5636 -0.0097     1
  0.7515 -0.0097     1
  0.9394 -0.0097     1
  1.1273 -0.0097     1
  1.3151 -0.0097     1
  1.5029 -0.0097     1
  1.6908 -0.0097     1
  1.8786 -0.0097     1
  2.0665 -0.0097     1
  2.2544 -0.0097     1
  2.4422 -0.0097     1
  2.6300 -0.0097     1
  2.8179 -0.0097     1
  3.0058 -0.0097     1
  3.1936 -0.0097     1
  3.3815 -0.0097     1
  3.5693 -0.0097     1
  3.7572 -0.0097     1
  3.9450 -0.0097     1
  3.9450  0.1903     1
  3.9450  0.3903     1
  3.9450  0.5903     1
  3.9450  0.7903     1
  3.9450  0.9903     1
  3.9450  1.1903     1
  4.1236  1.1903     1
  4.3021  1.1903     1
  4.4807  1.1903     1
  4.6593  1.1903     1
  4.8379  1.1903     1
  5.0164  1.1903     1
  5.1950  1.1903     1
  5.3650  1.2353     1
  5.5350  1.2803     1
  5.7050  1.3253     1
  5.7050  1.5220     1
  5.7050  1.7187     1
  5.7050  1.9155     1
  5.7050  2.1122     1
  5.7050  2.3089     1
  5.7050  2.5056     1
  5.7050  2.5130     1
 18.5050
    43
  0.0000 -0.0097     1
  0.1908 -0.0097     1
  0.3815 -0.0097     1
  0.5723 -0.0096     1
  0.7631 -0.0096     1
  0.9538 -0.0096     1
  1.1445 -0.0096     1
  1.3353 -0.0095     1
  1.5260 -0.0095     1
  1.7167 -0.0095     1
  1.9074 -0.0095     1
  2.0982 -0.0095     1
  2.2889 -0.0094     1
  2.4797 -0.0094     1
  2.6704 -0.0094     1
  2.8611 -0.0094     1
  3.0519 -0.0093     1
  3.2426 -0.0093     1
  3.4334 -0.0093     1
  3.6241 -0.0093     1
  3.8149 -0.0093     1
  4.0056 -0.0092     1
  4.1963 -0.0092     1
  4.3871 -0.0092     1
  4.5778 -0.0092     1
  4.7686 -0.0092     1
  4.9593 -0.0091     1
  5.1500 -0.0091     1
  5.3362  0.0341     1
  5.4907  0.1411     1
  5.6170  0.2823     1
  5.6640  0.4670     1
  5.6840  0.6572     1
  5.6959  0.8481     1
  5.7050  1.0392     1
  5.7050  1.2276     1
  5.7050  1.4161     1
  5.7050  1.6046     1
  5.7050  1.7931     1
  5.7050  1.9815     1
  5.7050  2.1700     1
  5.7050  2.3585     1
  5.7050  2.5130     1
 19.0000
    43
  0.0000 -0.0096     1
  0.1919 -0.0096     1
  0.3836 -0.0096     1
  0.5753 -0.0096     1
  0.7671 -0.0096     1
  0.9589 -0.0095     1
  1.1506 -0.0095     1
  1.3424 -0.0095     1
  1.5342 -0.0095     1
  1.7259 -0.0095     1
  1.9176 -0.0095     1
  2.1094 -0.0095     1
  2.3011 -0.0095     1
  2.4929 -0.0095     1
  2.6847 -0.0094     1
  2.8764 -0.0094     1
  3.0682 -0.0094     1
  3.2599 -0.0094     1
  3.4517 -0.0094     1
  3.6435 -0.0094     1
  3.8352 -0.0094     1
  4.0270 -0.0094     1
  4.2187 -0.0094     1
  4.4105 -0.0093     1
  4.6022 -0.0093     1
  4.7940 -0.0093     1
  4.9857 -0.0093     1
  5.1775 -0.0093     1
  5.3523  0.0211     1
  5.5030  0.1118     1
  5.6227  0.2396     1
  5.6653  0.4116     1
  5.6867  0.5879     1
  5.7025  0.7648     1
  5.7025  0.9594     1
  5.7026  1.1540     1
  5.7026  1.3486     1
  5.7026  1.5433     1
  5.7026  1.7379     1
  5.7026  1.9325     1
  5.7026  2.1271     1
  5.7026  2.3217     1
  5.7026  2.5130     1
 19.5000
    43
  0.0000 -0.0095     1
  0.1929 -0.0095     1
  0.3857 -0.0095     1
  0.5784 -0.0095     1
  0.7712 -0.0095     1
  0.9639 -0.0095     1
  1.1567 -0.0095     1
  1.3495 -0.0095     1
  1.5423 -0.0095     1
  1.7351 -0.0095     1
  1.9278 -0.0095     1
  2.1206 -0.0095     1
  2.3134 -0.0095     1
  2.5061 -0.0095     1
  2.6990 -0.0095     1
  2.8918 -0.0095     1
  3.0845 -0.0095     1
  3.2773 -0.0095     1
  3.4701 -0.0095     1
  3.6628 -0.0095     1
  3.8556 -0.0095     1
  4.0484 -0.0095     1
  4.2411 -0.0095     1
  4.4339 -0.0095     1
  4.6267 -0.0095     1
  4.8195 -0.0095     1
  5.0123 -0.0095     1
  5.2050 -0.0095     1
  5.4033  0.0163     1
  5.5701  0.1249     1
  5.6778  0.2926     1
  5.7000  0.4905     1
  5.7001  0.6779     1
  5.7001  0.8653     1
  5.7001  1.0528     1
  5.7001  1.2402     1
  5.7002  1.4277     1
  5.7002  1.6151     1
  5.7002  1.8025     1
  5.7002  1.9900     1
  5.7003  2.1774     1
  5.7003  2.3649     1
  5.7003  2.5130     1
 20.0000
    43
  0.0000 -0.0094     1
  0.1929 -0.0094     1
  0.3857 -0.0094     1
  0.5784 -0.0094     1
  0.7712 -0.0094     1
  0.9639 -0.0094     1
  1.1567 -0.0094     1
  1.3495 -0.0094     1
  1.5423 -0.0094     1
  1.7351 -0.0094     1
  1.9279 -0.0094     1
  2.1206 -0.0094     1
  2.3134 -0.0094     1
  2.5061 -0.0094     1
  2.6990 -0.0094     1
  2.8918 -0.0094     1
  3.0845 -0.0094     1
  3.2773 -0.0094     1
  3.4701 -0.0094     1
  3.6628 -0.0094     1
  3.8556 -0.0094     1
  4.0484 -0.0094     1
  4.2411 -0.0094     1
  4.4339 -0.0094     1
  4.6267 -0.0094     1
  4.8195 -0.0094     1
  5.0123 -0.0094     1
  5.2050 -0.0094     1
  5.4033  0.0164     1
  5.5701  0.1250     1
  5.6778  0.2927     1
  5.7000  0.4906     1
  5.7001  0.6780     1
  5.7001  0.8655     1
  5.7001  1.0529     1
  5.7001  1.2403     1
  5.7002  1.4277     1
  5.7002  1.6152     1
  5.7002  1.8027     1
  5.7002  1.9901     1
  5.7003  2.1775     1
  5.7003  2.3650     1
  5.7003  2.5130     1
 20.6000
    43
  0.0000 -0.0092     1
  0.1929 -0.0092     1
  0.3857 -0.0092     1
  0.5784 -0.0092     1
  0.7712 -0.0092     1
  0.9639 -0.0092     1
  1.1567 -0.0092     1
  1.3495 -0.0092     1
  1.5423 -0.0092     1
  1.7351 -0.0092     1
  1.9279 -0.0092     1
  2.1207 -0.0092     1
  2.3134 -0.0092     1
  2.5062 -0.0092     1
  2.6990 -0.0092     1
  2.8918 -0.0092     1
  3.0845 -0.0092     1
  3.2773 -0.0092     1
  3.4701 -0.0092     1
  3.6628 -0.0092     1
  3.8556 -0.0092     1
  4.0484 -0.0092     1
  4.2411 -0.0092     1
  4.4339 -0.0092     1
  4.6267 -0.0092     1
  4.8195 -0.0092     1
  5.0123 -0.0092     1
  5.2050 -0.0092     1
  5.4033  0.0166     1
  5.5701  0.1252     1
  5.6778  0.2929     1
  5.7000  0.4908     1
  5.7001  0.6782     1
  5.7001  0.8656     1
  5.7001  1.0531     1
  5.7001  1.2405     1
  5.7002  1.4280     1
  5.7002  1.6154     1
  5.7002  1.8028     1
  5.7002  1.9903     1
  5.7003  2.1777     1
  5.7003  2.3652     1
  5.7003  2.5130     1
 22.4000
    43
  0.0000 -0.0089     1
  0.1929 -0.0089     1
  0.3857 -0.0089     1
  0.5784 -0.0089     1
  0.7712 -0.0089     1
  0.9639 -0.0089     1
  1.1567 -0.0089     1
  1.3495 -0.0089     1
  1.5423 -0.0089     1
  1.7351 -0.0089     1
  1.9279 -0.0089     1
  2.1207 -0.0089     1
  2.3134 -0.0089     1
  2.5062 -0.0089     1
  2.6989 -0.0089     1
  2.8917 -0.0089     1
  3.0845 -0.0089     1
  3.2772 -0.0089     1
  3.4701 -0.0089     1
  3.6629 -0.0089     1
  3.8556 -0.0089     1
  4.0484 -0.0089     1
  4.2412 -0.0089     1
  4.4339 -0.0089     1
  4.6267 -0.0089     1
  4.8195 -0.0089     1
  5.0122 -0.0089     1
  5.2050 -0.0089     1
  5.4033  0.0169     1
  5.5701  0.1255     1
  5.6778  0.2932     1
  5.7000  0.4911     1
  5.7001  0.6785     1
  5.7001  0.8659     1
  5.7001  1.0534     1
  5.7001  1.2408     1
  5.7002  1.4282     1
  5.7002  1.6157     1
  5.7002  1.8031     1
  5.7002  1.9906     1
  5.7003  2.1780     1
  5.7003  2.3655     1
  5.7003  2.5130     1
 24.2000
    43
  0.0000 -0.0085     1
  0.1929 -0.0085     1
  0.3857 -0.0085     1
  0.5784 -0.0085     1
  0.7712 -0.0085     1
  0.9639 -0.0085     1
  1.1567 -0.0085     1
  1.3495 -0.0085     1
  1.5423 -0.0085     1
  1.7351 -0.0085     1
  1.9279 -0.0085     1
  2.1207 -0.0085     1
  2.3134 -0.0085     1
  2.5062 -0.0085     1
  2.6989 -0.0085     1
  2.8917 -0.0085     1
  3.0845 -0.0085     1
  3.2772 -0.0085     1
  3.4701 -0.0085     1
  3.6629 -0.0085     1
  3.8556 -0.0085     1
  4.0484 -0.0085     1
  4.2412 -0.0085     1
  4.4339 -0.0085     1
  4.6267 -0.0085     1
  4.8195 -0.0085     1
  5.0122 -0.0085     1
  5.2050 -0.0085     1
  5.4033  0.0173     1
  5.5701  0.1259     1
  5.6778  0.2936     1
  5.7000  0.4915     1
  5.7001  0.6789     1
  5.7001  0.8663     1
  5.7001  1.0538     1
  5.7001  1.2412     1
  5.7002  1.4286     1
  5.7002  1.6161     1
  5.7002  1.8035     1
  5.7002  1.9910     1
  5.7003  2.1784     1
  5.7003  2.3659     1
  5.7003  2.5130     1
 26.0000
    43
  0.0000 -0.0082     1
  0.1929 -0.0082     1
  0.3857 -0.0082     1
  0.5784 -0.0082     1
  0.7712 -0.0082     1
  0.9639 -0.0082     1
  1.1567 -0.0082     1
  1.3495 -0.0082     1
  1.5423 -0.0082     1
  1.7351 -0.0082     1
  1.9279 -0.0082     1
  2.1207 -0.0082     1
  2.3134 -0.0082     1
  2.5062 -0.0082     1
  2.6989 -0.0082     1
  2.8917 -0.0082     1
  3.0845 -0.0082     1
  3.2772 -0.0082     1
  3.4701 -0.0082     1
  3.6629 -0.0082     1
  3.8556 -0.0082     1
  4.0484 -0.0082     1
  4.2412 -0.0082     1
  4.4339 -0.0082     1
  4.6267 -0.0082     1
  4.8195 -0.0082     1
  5.0122 -0.0082     1
  5.2050 -0.0082     1
  5.4033  0.0176     1
  5.5701  0.1262     1
  5.6778  0.2939     1
  5.7000  0.4918     1
  5.7001  0.6792     1
  5.7001  0.8666     1
  5.7001  1.0541     1
  5.7001  1.2415     1
  5.7002  1.4289     1
  5.7002  1.6164     1
  5.7002  1.8038     1
  5.7002  1.9913     1
  5.7003  2.1787     1
  5.7003  2.3662     1
  5.7003  2.5130     1
 30.2000
    43
  0.0000 -0.0073     1
  0.1929 -0.0073     1
  0.3857 -0.0073     1
  0.5784 -0.0073     1
  0.7712 -0.0073     1
  0.9639 -0.0073     1
  1.1567 -0.0073     1
  1.3495 -0.0073     1
  1.5423 -0.0073     1
  1.7351 -0.0073     1
  1.9279 -0.0073     1
  2.1207 -0.0073     1
  2.3134 -0.0073     1
  2.5062 -0.0073     1
  2.6989 -0.0073     1
  2.8917 -0.0073     1
  3.0845 -0.0073     1
  3.2772 -0.0073     1
  3.4701 -0.0073     1
  3.6629 -0.0073     1
  3.8556 -0.0073     1
  4.0484 -0.0073     1
  4.2412 -0.0073     1
  4.4339 -0.0073     1
  4.6267 -0.0073     1
  4.8195 -0.0073     1
  5.0122 -0.0073     1
  5.2050 -0.0073     1
  5.4033  0.0185     1
  5.5701  0.1271     1
  5.6778  0.2948     1
  5.7000  0.4927     1
  5.7001  0.6801     1
  5.7001  0.8675     1
  5.7001  1.0550     1
  5.7001  1.2424     1
  5.7002  1.4298     1
  5.7002  1.6173     1
  5.7002  1.8047     1
  5.7002  1.9922     1
  5.7003  2.1796     1
  5.7003  2.3671     1
  5.7003  2.5130     1
 38.0000
    43
  0.0000 -0.0058     1
  0.1929 -0.0058     1
  0.3857 -0.0058     1
  0.5784 -0.0058     1
  0.7712 -0.0058     1
  0.9639 -0.0058     1
  1.1567 -0.0058     1
  1.3495 -0.0058     1
  1.5423 -0.0058     1
  1.7351 -0.0058     1
  1.9279 -0.0058     1
  2.1207 -0.0058     1
  2.3134 -0.0058     1
  2.5062 -0.0058     1
  2.6989 -0.0058     1
  2.8917 -0.0058     1
  3.0845 -0.0058     1
  3.2772 -0.0058     1
  3.4701 -0.0058     1
  3.6629 -0.0058     1
  3.8556 -0.0058     1
  4.0484 -0.0058     1
  4.2412 -0.0058     1
  4.4339 -0.0058     1
  4.6267 -0.0058     1
  4.8195 -0.0058     1
  5.0122 -0.0058     1
  5.2050 -0.0058     1
  5.4033  0.0200     1
  5.5701  0.1286     1
  5.6778  0.2963     1
  5.7000  0.4942     1
  5.7001  0.6816     1
  5.7001  0.8690     1
  5.7001  1.0565     1
  5.7001  1.2439     1
  5.7002  1.4313     1
  5.7002  1.6188     1
  5.7002  1.8062     1
  5.7002  1.9937     1
  5.7003  2.1811     1
  5.7003  2.3686     1
  5.7003  2.5130     1
 53.6000
    43
  0.0000 -0.0026     1
  0.1929 -0.0026     1
  0.3857 -0.0026     1
  0.5784 -0.0026     1
  0.7712 -0.0026     1
  0.9639 -0.0026     1
  1.1567 -0.0026     1
  1.3495 -0.0026     1
  1.5423 -0.0026     1
  1.7351 -0.0026     1
  1.9279 -0.0026     1
  2.1207 -0.0026     1
  2.3134 -0.0026     1
  2.5062 -0.0026     1
  2.6989 -0.0026     1
  2.8917 -0.0026     1
  3.0845 -0.0026     1
  3.2772 -0.0026     1
  3.4701 -0.0026     1
  3.6629 -0.0026     1
  3.8556 -0.0026     1
  4.0484 -0.0026     1
  4.2412 -0.0026     1
  4.4339 -0.0026     1
  4.6267 -0.0026     1
  4.8195 -0.0026     1
  5.0122 -0.0026     1
  5.2050 -0.0026     1
  5.4033  0.0232     1
  5.5701  0.1318     1
  5.6778  0.2995     1
  5.7000  0.4974     1
  5.7001  0.6848     1
  5.7001  0.8722     1
  5.7001  1.0597     1
  5.7001  1.2471     1
  5.7002  1.4345     1
  5.7002  1.6220     1
  5.7002  1.8094     1
  5.7002  1.9969     1
  5.7003  2.1843     1
  5.7003  2.3718     1
  5.7003  2.5130     1
 69.2000
    43
  0.0000  0.0005     1
  0.1929  0.0005     1
  0.3857  0.0005     1
  0.5784  0.0005     1
  0.7712  0.0005     1
  0.9639  0.0005     1
  1.1567  0.0005     1
  1.3495  0.0005     1
  1.5423  0.0005     1
  1.7351  0.0005     1
  1.9279  0.0005     1
  2.1207  0.0005     1
  2.3134  0.0005     1
  2.5062  0.0005     1
  2.6989  0.0005     1
  2.8917  0.0005     1
  3.0845  0.0005     1
  3.2772  0.0005     1
  3.4701  0.0005     1
  3.6629  0.0005     1
  3.8556  0.0005     1
  4.0484  0.0005     1
  4.2412  0.0005     1
  4.4339  0.0005     1
  4.6267  0.0005     1
  4.8195  0.0005     1
  5.0122  0.0005     1
  5.2050  0.0005     1
  5.4033  0.0263     1
  5.5701  0.1349     1
  5.6778  0.3026     1
  5.7000  0.5005     1
  5.7001  0.6879     1
  5.7001  0.8753     1
  5.7001  1.0628     1
  5.7001  1.2502     1
  5.7002  1.4376     1
  5.7002  1.6251     1
  5.7002  1.8125     1
  5.7002  2.0000     1
  5.7003  2.1874     1
  5.7003  2.3749     1
  5.7003  2.5130     1
 84.8000
    43
  0.0000  0.0036     1
  0.1929  0.0036     1
  0.3857  0.0036     1
  0.5784  0.0036     1
  0.7712  0.0036     1
  0.9639  0.0036     1
  1.1567  0.0036     1
  1.3495  0.0036     1
  1.5423  0.0036     1
  1.7351  0.0036     1
  1.9279  0.0036     1
  2.1207  0.0036     1
  2.3134  0.0036     1
  2.5062  0.0036     1
  2.6989  0.0036     1
  2.8917  0.0036     1
  3.0845  0.0036     1
  3.2772  0.0036     1
  3.4701  0.0036     1
  3.6629  0.0036     1
  3.8556  0.0036     1
  4.0484  0.0036     1
  4.2412  0.0036     1
  4.4339  0.0036     1
  4.6267  0.0036     1
  4.8195  0.0036     1
  5.0122  0.0036     1
  5.2050  0.0036     1
  5.4033  0.0294     1
  5.5701  0.1380     1
  5.6778  0.3057     1
  5.7000  0.5036     1
  5.7001  0.6910     1
  5.7001  0.8784     1
  5.7001  1.0659     1
  5.7001  1.2533     1
  5.7002  1.4407     1
  5.7002  1.6282     1
  5.7002  1.8156     1
  5.7002  2.0031     1
  5.7003  2.1905     1
  5.7003  2.3780     1
  5.7003  2.5130     1
100.4000
    43
  0.0000  0.0067     1
  0.1929  0.0067     1
  0.3857  0.0067     1
  0.5784  0.0067     1
  0.7712  0.0067     1
  0.9639  0.0067     1
  1.1567  0.0067     1
  1.3495  0.0067     1
  1.5423  0.0067     1
  1.7351  0.0067     1
  1.9279  0.0067     1
  2.1207  0.0067     1
  2.3134  0.0067     1
  2.5062  0.0067     1
  2.6989  0.0067     1
  2.8917  0.0067     1
  3.0845  0.0067     1
  3.2772  0.0067     1
  3.4701  0.0067     1
  3.6629  0.0067     1
  3.8556  0.0067     1
  4.0484  0.0067     1
  4.2412  0.0067     1
  4.4339  0.0067     1
  4.6267  0.0067     1
  4.8195  0.0067     1
  5.0122  0.0067     1
  5.2050  0.0067     1
  5.4033  0.0325     1
  5.5701  0.1411     1
  5.6778  0.3088     1
  5.7000  0.5067     1
  5.7001  0.6941     1
  5.7001  0.8815     1
  5.7001  1.0690     1
  5.7001  1.2564     1
  5.7002  1.4438     1
  5.7002  1.6313     1
  5.7002  1.8187     1
  5.7002  2.0062     1
  5.7003  2.1936     1
  5.7003  2.3811     1
  5.7003  2.5130     1
108.2000
    43
  0.0000  0.0083     1
  0.1929  0.0083     1
  0.3857  0.0083     1
  0.5784  0.0083     1
  0.7712  0.0083     1
  0.9639  0.0083     1
  1.1567  0.0083     1
  1.3495  0.0083     1
  1.5423  0.0083     1
  1.7351  0.0083     1
  1.9279  0.0083     1
  2.1207  0.0083     1
  2.3134  0.0083     1
  2.5062  0.0083     1
  2.6989  0.0083     1
  2.8917  0.0083     1
  3.0845  0.0083     1
  3.2772  0.0083     1
  3.4701  0.0083     1
  3.6629  0.0083     1
  3.8556  0.0083     1
  4.0484  0.0083     1
  4.2412  0.0083     1
  4.4339  0.0083     1
  4.6267  0.0083     1
  4.8195  0.0083     1
  5.0122  0.0083     1
  5.2050  0.0083     1
  5.4033  0.0341     1
  5.5701  0.1427     1
  5.6778  0.3104     1
  5.7000  0.5083     1
  5.7001  0.6957     1
  5.7001  0.8831     1
  5.7001  1.0706     1
  5.7001  1.2580     1
  5.7002  1.4454     1
  5.7002  1.6329     1
  5.7002  1.8203     1
  5.7002  2.0078     1
  5.7003  2.1952     1
  5.7003  2.3827     1
  5.7003  2.5130     1
112.4000
    43
  0.0000  0.0091     1
  0.1929  0.0091     1
  0.3857  0.0091     1
  0.5784  0.0091     1
  0.7712  0.0091     1
  0.9639  0.0091     1
  1.1567  0.0091     1
  1.3495  0.0091     1
  1.5423  0.0091     1
  1.7351  0.0091     1
  1.9279  0.0091     1
  2.1207  0.0091     1
  2.3134  0.0091     1
  2.5062  0.0091     1
  2.6989  0.0091     1
  2.8917  0.0091     1
  3.0845  0.0091     1
  3.2772  0.0091     1
  3.4701  0.0091     1
  3.6629  0.0091     1
  3.8556  0.0091     1
  4.0484  0.0091     1
  4.2412  0.0091     1
  4.4339  0.0091     1
  4.6267  0.0091     1
  4.8195  0.0091     1
  5.0122  0.0091     1
  5.2050  0.0091     1
  5.4033  0.0349     1
  5.5701  0.1435     1
  5.6778  0.3112     1
  5.7000  0.5091     1
  5.7001  0.6965     1
  5.7001  0.8839     1
  5.7001  1.0714     1
  5.7001  1.2588     1
  5.7002  1.4462     1
  5.7002  1.6337     1
  5.7002  1.8211     1
  5.7002  2.0086     1
  5.7003  2.1960     1
  5.7003  2.3835     1
  5.7003  2.5130     1
116.0000
    43
  0.0000  0.0098     1
  0.1929  0.0098     1
  0.3857  0.0098     1
  0.5784  0.0098     1
  0.7712  0.0098     1
  0.9639  0.0098     1
  1.1567  0.0098     1
  1.3495  0.0098     1
  1.5423  0.0098     1
  1.7351  0.0098     1
  1.9279  0.0098     1
  2.1207  0.0098     1
  2.3134  0.0098     1
  2.5062  0.0098     1
  2.6989  0.0098     1
  2.8917  0.0098     1
  3.0845  0.0098     1
  3.2772  0.0098     1
  3.4701  0.0098     1
  3.6629  0.0098     1
  3.8556  0.0098     1
  4.0484  0.0098     1
  4.2412  0.0098     1
  4.4339  0.0098     1
  4.6267  0.0098     1
  4.8195  0.0098     1
  5.0122  0.0098     1
  5.2050  0.0098     1
  5.4033  0.0356     1
  5.5701  0.1442     1
  5.6778  0.3119     1
  5.7000  0.5098     1
  5.7001  0.6972     1
  5.7001  0.8846     1
  5.7001  1.0721     1
  5.7001  1.2595     1
  5.7002  1.4469     1
  5.7002  1.6344     1
  5.7002  1.8218     1
  5.7002  2.0093     1
  5.7003  2.1967     1
  5.7003  2.3842     1
  5.7003  2.5130     1
117.2000
    44
  0.0000  0.0101     1
  0.1876  0.0101     1
  0.3752  0.0101     1
  0.5629  0.0101     1
  0.7506  0.0101     1
  0.9383  0.0101     1
  1.1261  0.0101     1
  1.3137  0.0101     1
  1.5014  0.0101     1
  1.6891  0.0101     1
  1.8768  0.0101     1
  2.0645  0.0101     1
  2.2521  0.0101     1
  2.4398  0.0101     1
  2.6275  0.0101     1
  2.8152  0.0101     1
  3.0029  0.0101     1
  3.1906  0.0101     1
  3.3783  0.0101     1
  3.5659  0.0101     1
  3.7536  0.0101     1
  3.9413  0.0101     1
  4.1291  0.0101     1
  4.3167  0.0101     1
  4.5043  0.0101     1
  4.6922  0.0101     1
  4.8797  0.0101     1
  5.0675  0.0101     1
  5.2550  0.0101     1
  5.4277  0.0421     1
  5.5725  0.1417     1
  5.6707  0.2877     1
  5.7050  0.4601     1
  5.7050  0.6506     1
  5.7050  0.8411     1
  5.7050  1.0317     1
  5.7050  1.2223     1
  5.7050  1.4128     1
  5.7050  1.6034     1
  5.7050  1.7940     1
  5.7050  1.9846     1
  5.7050  2.1751     1
  5.7050  2.3657     1
  5.7050  2.5130     1
117.8000
    44
  0.0000  0.0102     1
  0.1877  0.0102     1
  0.3755  0.0102     1
  0.5632  0.0102     1
  0.7510  0.0102     1
  0.9388  0.0102     1
  1.1265  0.0102     1
  1.3143  0.0102     1
  1.5020  0.0102     1
  1.6898  0.0102     1
  1.8776  0.0102     1
  2.0653  0.0102     1
  2.2531  0.0102     1
  2.4409  0.0102     1
  2.6286  0.0103     1
  2.8164  0.0103     1
  3.0041  0.0103     1
  3.1919  0.0103     1
  3.3797  0.0103     1
  3.5674  0.0103     1
  3.7552  0.0103     1
  3.9430  0.0103     1
  4.1307  0.0103     1
  4.3185  0.0103     1
  4.5062  0.0103     1
  4.6941  0.0103     1
  4.8817  0.0103     1
  5.0695  0.0103     1
  5.2572  0.0103     1
  5.4277  0.0506     1
  5.5715  0.1512     1
  5.6701  0.2964     1
  5.7050  0.4682     1
  5.7050  0.6582     1
  5.7050  0.8482     1
  5.7050  1.0383     1
  5.7050  1.2284     1
  5.7050  1.4185     1
  5.7050  1.6086     1
  5.7050  1.7986     1
  5.7050  1.9887     1
  5.7050  2.1787     1
  5.7050  2.3688     1
  5.7050  2.5130     1
118.4000
    44
  0.0000  0.0103     1
  0.1866  0.0103     1
  0.3731  0.0103     1
  0.5597  0.0103     1
  0.7463  0.0103     1
  0.9328  0.0103     1
  1.1194  0.0103     1
  1.3060  0.0103     1
  1.4926  0.0103     1
  1.6792  0.0103     1
  1.8657  0.0103     1
  2.0523  0.0103     1
  2.2389  0.0103     1
  2.4255  0.0103     1
  2.6121  0.0104     1
  2.7986  0.0104     1
  2.9852  0.0104     1
  3.1718  0.0104     1
  3.3584  0.0104     1
  3.5449  0.0104     1
  3.7316  0.0104     1
  3.9181  0.0104     1
  4.1047  0.0104     1
  4.2913  0.0104     1
  4.4779  0.0104     1
  4.6645  0.0104     1
  4.8509  0.0104     1
  5.0376  0.0104     1
  5.2241  0.0104     1
  5.4087  0.0552     1
  5.5635  0.1657     1
  5.6671  0.3251     1
  5.7050  0.5115     1
  5.7050  0.6988     1
  5.7050  0.8862     1
  5.7050  1.0736     1
  5.7050  1.2609     1
  5.7050  1.4483     1
  5.7050  1.6356     1
  5.7050  1.8230     1
  5.7050  2.0104     1
  5.7050  2.1978     1
  5.7050  2.3851     1
  5.7050  2.5130     1
119.0000
    43
  0.0000  0.0104     1
  0.1913  0.0104     1
  0.3827  0.0104     1
  0.5741  0.0104     1
  0.7654  0.0104     1
  0.9567  0.0104     1
  1.1481  0.0104     1
  1.3395  0.0104     1
  1.5308  0.0104     1
  1.7222  0.0104     1
  1.9136  0.0104     1
  2.1049  0.0104     1
  2.2963  0.0104     1
  2.4876  0.0104     1
  2.6790  0.0105     1
  2.8704  0.0105     1
  3.0617  0.0105     1
  3.2531  0.0105     1
  3.4445  0.0105     1
  3.6358  0.0105     1
  3.8272  0.0105     1
  4.0185  0.0105     1
  4.2099  0.0105     1
  4.4012  0.0105     1
  4.5926  0.0105     1
  4.7840  0.0105     1
  4.9754  0.0105     1
  5.1666  0.0105     1
  5.3390  0.0423     1
  5.4914  0.1294     1
  5.6079  0.2605     1
  5.6794  0.4210     1
  5.7050  0.5949     1
  5.7050  0.7891     1
  5.7050  0.9835     1
  5.7050  1.1778     1
  5.7050  1.3720     1
  5.7050  1.5664     1
  5.7050  1.7606     1
  5.7050  1.9550     1
  5.7050  2.1493     1
  5.7050  2.3436     1
  5.7050  2.5130     1
119.6000
    44
  0.0000  0.0106     1
  0.1879  0.0106     1
  0.3760  0.0106     1
  0.5639  0.0106     1
  0.7519  0.0106     1
  0.9399  0.0106     1
  1.1279  0.0106     1
  1.3159  0.0106     1
  1.5039  0.0106     1
  1.6919  0.0106     1
  1.8799  0.0106     1
  2.0679  0.0106     1
  2.2559  0.0106     1
  2.4439  0.0106     1
  2.6319  0.0106     1
  2.8199  0.0106     1
  3.0079  0.0106     1
  3.1958  0.0106     1
  3.3839  0.0106     1
  3.5719  0.0106     1
  3.7599  0.0106     1
  3.9479  0.0106     1
  4.1359  0.0106     1
  4.3239  0.0106     1
  4.5120  0.0106     1
  4.7000  0.0106     1
  4.8879  0.0106     1
  5.0757  0.0106     1
  5.2512  0.0335     1
  5.4124  0.1062     1
  5.5444  0.2239     1
  5.6365  0.3750     1
  5.6883  0.5445     1
  5.7050  0.7210     1
  5.7050  0.9068     1
  5.7050  1.0927     1
  5.7050  1.2786     1
  5.7050  1.4645     1
  5.7050  1.6505     1
  5.7050  1.8364     1
  5.7050  2.0223     1
  5.7050  2.2082     1
  5.7050  2.3941     1
  5.7050  2.5130     1
120.2000
    43
  0.0000  0.0107     1
  0.1913  0.0107     1
  0.3827  0.0107     1
  0.5740  0.0107     1
  0.7653  0.0107     1
  0.9567  0.0107     1
  1.1480  0.0107     1
  1.3394  0.0107     1
  1.5307  0.0107     1
  1.7221  0.0107     1
  1.9134  0.0107     1
  2.1048  0.0107     1
  2.2961  0.0107     1
  2.4875  0.0107     1
  2.6789  0.0107     1
  2.8702  0.0107     1
  3.0616  0.0107     1
  3.2529  0.0107     1
  3.4442  0.0107     1
  3.6356  0.0107     1
  3.8269  0.0107     1
  4.0183  0.0107     1
  4.2097  0.0107     1
  4.4011  0.0107     1
  4.5925  0.0107     1
  4.7838  0.0107     1
  4.9749  0.0107     1
  5.1582  0.0319     1
  5.3305  0.0972     1
  5.4766  0.2096     1
  5.5876  0.3567     1
  5.6605  0.5263     1
  5.6968  0.7073     1
  5.7050  0.8919     1
  5.7050  1.0788     1
  5.7050  1.2658     1
  5.7050  1.4527     1
  5.7050  1.6398     1
  5.7050  1.8268     1
  5.7050  2.0138     1
  5.7050  2.2008     1
  5.7050  2.3878     1
  5.7050  2.5130     1
120.8000
    43
  0.0000  0.0108     1
  0.1867  0.0108     1
  0.3734  0.0108     1
  0.5602  0.0108     1
  0.7470  0.0108     1
  0.9337  0.0108     1
  1.1205  0.0108     1
  1.3073  0.0108     1
  1.4940  0.0108     1
  1.6808  0.0108     1
  1.8675  0.0108     1
  2.0543  0.0108     1
  2.2410  0.0108     1
  2.4278  0.0108     1
  2.6145  0.0108     1
  2.8013  0.0108     1
  2.9881  0.0108     1
  3.1748  0.0108     1
  3.3616  0.0108     1
  3.5484  0.0108     1
  3.7351  0.0108     1
  3.9219  0.0108     1
  4.1086  0.0108     1
  4.2953  0.0108     1
  4.4821  0.0108     1
  4.6689  0.0108     1
  4.8555  0.0108     1
  5.0507  0.0322     1
  5.2358  0.0970     1
  5.3971  0.2085     1
  5.5250  0.3573     1
  5.6192  0.5296     1
  5.6757  0.7176     1
  5.6993  0.9127     1
  5.7050  1.1093     1
  5.7050  1.2939     1
  5.7050  1.4784     1
  5.7050  1.6631     1
  5.7050  1.8478     1
  5.7050  2.0325     1
  5.7050  2.2172     1
  5.7050  2.4018     1
  5.7050  2.5130     1
121.4000
    42
  0.0000  0.0109     1
  0.1887  0.0109     1
  0.3774  0.0109     1
  0.5661  0.0109     1
  0.7550  0.0109     1
  0.9437  0.0109     1
  1.1325  0.0109     1
  1.3212  0.0109     1
  1.5100  0.0109     1
  1.6988  0.0109     1
  1.8875  0.0109     1
  2.0763  0.0109     1
  2.2651  0.0109     1
  2.4538  0.0109     1
  2.6426  0.0109     1
  2.8313  0.0109     1
  3.0202  0.0109     1
  3.2088  0.0109     1
  3.3977  0.0109     1
  3.5865  0.0109     1
  3.7753  0.0109     1
  3.9639  0.0109     1
  4.1528  0.0109     1
  4.3414  0.0109     1
  4.5303  0.0109     1
  4.7188  0.0109     1
  4.9077  0.0301     1
  5.0896  0.0842     1
  5.2550  0.1771     1
  5.3949  0.3053     1
  5.5076  0.4582     1
  5.5960  0.6263     1
  5.6560  0.8064     1
  5.6864  0.9939     1
  5.6995  1.1836     1
  5.7050  1.3736     1
  5.7050  1.5676     1
  5.7050  1.7618     1
  5.7050  1.9561     1
  5.7050  2.1503     1
  5.7050  2.3446     1
  5.7050  2.5130     1
122.0000
    42
  0.0000  0.0110     1
  0.1900  0.0110     1
  0.3804  0.0110     1
  0.5705  0.0110     1
  0.7609  0.0110     1
  0.9512  0.0110     1
  1.1414  0.0110     1
  1.3316  0.0110     1
  1.5219  0.0110     1
  1.7121  0.0110     1
  1.9024  0.0110     1
  2.0926  0.0110     1
  2.2829  0.0110     1
  2.4731  0.0110     1
  2.6634  0.0110     1
  2.8537  0.0110     1
  3.0439  0.0110     1
  3.2341  0.0110     1
  3.4245  0.0110     1
  3.6147  0.0110     1
  3.8049  0.0110     1
  3.9953  0.0110     1
  4.1856  0.0110     1
  4.3755  0.0110     1
  4.5657  0.0110     1
  4.7543  0.0297     1
  4.9372  0.0794     1
  5.1068  0.1635     1
  5.2556  0.2807     1
  5.3805  0.4233     1
  5.4842  0.5819     1
  5.5694  0.7513     1
  5.6317  0.9303     1
  5.6682  1.1163     1
  5.6871  1.3050     1
  5.7005  1.4943     1
  5.7050  1.6839     1
  5.7050  1.8663     1
  5.7050  2.0490     1
  5.7050  2.2315     1
  5.7050  2.4142     1
  5.7050  2.5130     1
122.6000
    41
  0.0000  0.0112     1
  0.1911  0.0112     1
  0.3823  0.0112     1
  0.5735  0.0112     1
  0.7646  0.0112     1
  0.9558  0.0112     1
  1.1470  0.0112     1
  1.3382  0.0112     1
  1.5294  0.0112     1
  1.7206  0.0112     1
  1.9117  0.0112     1
  2.1029  0.0112     1
  2.2941  0.0112     1
  2.4853  0.0112     1
  2.6765  0.0112     1
  2.8677  0.0112     1
  3.0589  0.0112     1
  3.2501  0.0112     1
  3.4413  0.0112     1
  3.6323  0.0112     1
  3.8236  0.0112     1
  4.0149  0.0112     1
  4.2059  0.0112     1
  4.3970  0.0112     1
  4.5885  0.0305     1
  4.7747  0.0785     1
  4.9500  0.1577     1
  5.1060  0.2701     1
  5.2398  0.4083     1
  5.3547  0.5627     1
  5.4537  0.7278     1
  5.5379  0.9010     1
  5.6020  1.0824     1
  5.6433  1.2704     1
  5.6694  1.4612     1
  5.6879  1.6529     1
  5.7003  1.8451     1
  5.7050  2.0376     1
  5.7050  2.2215     1
  5.7050  2.4056     1
  5.7050  2.5130     1
123.2000
    41
  0.0000  0.0113     1
  0.1913  0.0113     1
  0.3830  0.0113     1
  0.5744  0.0113     1
  0.7659  0.0113     1
  0.9575  0.0113     1
  1.1491  0.0113     1
  1.3406  0.0113     1
  1.5321  0.0113     1
  1.7236  0.0113     1
  1.9152  0.0113     1
  2.1067  0.0113     1
  2.2982  0.0113     1
  2.4898  0.0113     1
  2.6812  0.0113     1
  2.8728  0.0113     1
  3.0644  0.0113     1
  3.2559  0.0113     1
  3.4472  0.0113     1
  3.6389  0.0113     1
  3.8304  0.0113     1
  4.0219  0.0113     1
  4.2133  0.0113     1
  4.3980  0.0281     1
  4.5782  0.0721     1
  4.7505  0.1406     1
  4.9082  0.2379     1
  5.0466  0.3612     1
  5.1680  0.5016     1
  5.2748  0.6533     1
  5.3701  0.8125     1
  5.4559  0.9771     1
  5.5285  1.1478     1
  5.5831  1.3251     1
  5.6219  1.5066     1
  5.6502  1.6900     1
  5.6725  1.8743     1
  5.6887  2.0592     1
  5.6996  2.2445     1
  5.7050  2.4300     1
  5.7050  2.5130     1
123.8000
    40
  0.0000  0.0114     1
  0.1912  0.0114     1
  0.3823  0.0114     1
  0.5734  0.0114     1
  0.7647  0.0114     1
  0.9559  0.0114     1
  1.1471  0.0114     1
  1.3383  0.0114     1
  1.5295  0.0114     1
  1.7207  0.0114     1
  1.9119  0.0114     1
  2.1031  0.0114     1
  2.2943  0.0114     1
  2.4856  0.0114     1
  2.6768  0.0114     1
  2.8679  0.0114     1
  3.0591  0.0114     1
  3.2503  0.0114     1
  3.4417  0.0114     1
  3.6329  0.0114     1
  3.8241  0.0114     1
  4.0150  0.0114     1
  4.2061  0.0282     1
  4.3925  0.0734     1
  4.5713  0.1428     1
  4.7360  0.2409     1
  4.8817  0.3656     1
  5.0094  0.5089     1
  5.1228  0.6636     1
  5.2257  0.8257     1
  5.3204  0.9927     1
  5.4071  1.1639     1
  5.4795  1.3416     1
  5.5374  1.5246     1
  5.5821  1.7112     1
  5.6161  1.9001     1
  5.6452  2.0898     1
  5.6691  2.2803     1
  5.6869  2.4715     1
  5.6895  2.5130     1
124.4000
    39
  0.0000  0.0115     1
  0.1899  0.0115     1
  0.3801  0.0115     1
  0.5702  0.0115     1
  0.7605  0.0115     1
  0.9506  0.0115     1
  1.1407  0.0115     1
  1.3308  0.0115     1
  1.5210  0.0115     1
  1.7111  0.0115     1
  1.9013  0.0115     1
  2.0915  0.0115     1
  2.2816  0.0115     1
  2.4716  0.0115     1
  2.6620  0.0115     1
  2.8519  0.0115     1
  3.0422  0.0115     1
  3.2322  0.0115     1
  3.4226  0.0115     1
  3.6126  0.0115     1
  3.8025  0.0115     1
  3.9909  0.0261     1
  4.1749  0.0696     1
  4.3529  0.1334     1
  4.5187  0.2242     1
  4.6678  0.3404     1
  4.7994  0.4764     1
  4.9163  0.6251     1
  5.0233  0.7812     1
  5.1210  0.9432     1
  5.2145  1.1078     1
  5.3011  1.2760     1
  5.3774  1.4492     1
  5.4411  1.6273     1
  5.4955  1.8086     1
  5.5394  1.9927     1
  5.5794  2.1777     1
  5.6151  2.3635     1
  5.6389  2.5130     1
125.0000
    38
  0.0000  0.0116     1
  0.1880  0.0116     1
  0.3763  0.0116     1
  0.5645  0.0116     1
  0.7527  0.0116     1
  0.9410  0.0116     1
  1.1293  0.0116     1
  1.3175  0.0116     1
  1.5057  0.0116     1
  1.6940  0.0116     1
  1.8822  0.0116     1
  2.0705  0.0116     1
  2.2586  0.0116     1
  2.4469  0.0116     1
  2.6352  0.0116     1
  2.8234  0.0116     1
  3.0117  0.0116     1
  3.1999  0.0116     1
  3.3882  0.0116     1
  3.5760  0.0116     1
  3.7678  0.0249     1
  3.9557  0.0679     1
  4.1376  0.1317     1
  4.3079  0.2218     1
  4.4615  0.3381     1
  4.5969  0.4753     1
  4.7178  0.6254     1
  4.8280  0.7837     1
  4.9297  0.9475     1
  5.0263  1.1144     1
  5.1197  1.2832     1
  5.2036  1.4568     1
  5.2776  1.6349     1
  5.3439  1.8160     1
  5.4037  1.9994     1
  5.4586  2.1842     1
  5.5098  2.3701     1
  5.5449  2.5130     1
125.6000
    38
  0.0000  0.0118     1
  0.1853  0.0118     1
  0.3705  0.0118     1
  0.5558  0.0118     1
  0.7412  0.0118     1
  0.9265  0.0118     1
  1.1119  0.0118     1
  1.2972  0.0118     1
  1.4826  0.0118     1
  1.6679  0.0118     1
  1.8532  0.0118     1
  2.0386  0.0118     1
  2.2239  0.0118     1
  2.4092  0.0118     1
  2.5946  0.0118     1
  2.7798  0.0118     1
  2.9652  0.0118     1
  3.1505  0.0118     1
  3.3357  0.0118     1
  3.5222  0.0224     1
  3.7054  0.0614     1
  3.8836  0.1198     1
  4.0523  0.2014     1
  4.2068  0.3075     1
  4.3442  0.4351     1
  4.4662  0.5775     1
  4.5767  0.7290     1
  4.6791  0.8861     1
  4.7753  1.0472     1
  4.8691  1.2096     1
  4.9580  1.3747     1
  5.0399  1.5434     1
  5.1149  1.7154     1
  5.1830  1.8901     1
  5.2480  2.0661     1
  5.3113  2.2426     1
  5.3723  2.4200     1
  5.4021  2.5130     1
126.1000
    37
  0.0000  0.0119     1
  0.1838  0.0119     1
  0.3675  0.0119     1
  0.5514  0.0119     1
  0.7352  0.0119     1
  0.9190  0.0119     1
  1.1029  0.0119     1
  1.2867  0.0119     1
  1.4705  0.0119     1
  1.6544  0.0119     1
  1.8382  0.0119     1
  2.0220  0.0119     1
  2.2059  0.0119     1
  2.3897  0.0119     1
  2.5736  0.0119     1
  2.7574  0.0119     1
  2.9411  0.0119     1
  3.1249  0.0119     1
  3.3137  0.0216     1
  3.4993  0.0597     1
  3.6803  0.1168     1
  3.8517  0.1981     1
  4.0091  0.3038     1
  4.1492  0.4317     1
  4.2733  0.5752     1
  4.3861  0.7278     1
  4.4903  0.8865     1
  4.5882  1.0491     1
  4.6836  1.2132     1
  4.7757  1.3792     1
  4.8608  1.5489     1
  4.9401  1.7213     1
  5.0127  1.8967     1
  5.0837  2.0728     1
  5.1537  2.2492     1
  5.2220  2.4263     1
  5.2538  2.5130     1
126.6000
    35
  0.0000  0.0120     1
  0.1936  0.0120     1
  0.3872  0.0120     1
  0.5808  0.0120     1
  0.7745  0.0120     1
  0.9681  0.0120     1
  1.1618  0.0120     1
  1.3554  0.0120     1
  1.5491  0.0120     1
  1.7427  0.0120     1
  1.9364  0.0120     1
  2.1301  0.0120     1
  2.3238  0.0120     1
  2.5174  0.0120     1
  2.7109  0.0120     1
  2.9045  0.0120     1
  3.0956  0.0216     1
  3.2840  0.0576     1
  3.4675  0.1141     1
  3.6423  0.1931     1
  3.8027  0.2985     1
  3.9455  0.4266     1
  4.0723  0.5708     1
  4.1868  0.7250     1
  4.2926  0.8853     1
  4.3935  1.0487     1
  4.4904  1.2146     1
  4.5839  1.3824     1
  4.6722  1.5529     1
  4.7547  1.7263     1
  4.8327  1.9019     1
  4.9087  2.0783     1
  4.9835  2.2552     1
  5.0570  2.4327     1
  5.0891  2.5130     1
127.1000
    35
  0.0000  0.0121     1
  0.1909  0.0121     1
  0.3820  0.0121     1
  0.5730  0.0121     1
  0.7641  0.0121     1
  0.9551  0.0121     1
  1.1462  0.0121     1
  1.3373  0.0121     1
  1.5283  0.0121     1
  1.7194  0.0121     1
  1.9104  0.0121     1
  2.1015  0.0121     1
  2.2925  0.0121     1
  2.4836  0.0121     1
  2.6745  0.0121     1
  2.8602  0.0211     1
  3.0440  0.0515     1
  3.2233  0.1023     1
  3.3957  0.1730     1
  3.5558  0.2682     1
  3.7000  0.3862     1
  3.8280  0.5217     1
  3.9431  0.6683     1
  4.0497  0.8212     1
  4.1499  0.9785     1
  4.2463  1.1381     1
  4.3399  1.2993     1
  4.4296  1.4627     1
  4.5144  1.6288     1
  4.5957  1.7966     1
  4.6734  1.9660     1
  4.7502  2.1360     1
  4.8259  2.3063     1
  4.9005  2.4772     1
  4.9155  2.5130     1
127.6000
    34
  0.0000  0.0122     1
  0.1872  0.0122     1
  0.3745  0.0122     1
  0.5618  0.0122     1
  0.7491  0.0122     1
  0.9364  0.0122     1
  1.1237  0.0122     1
  1.3110  0.0122     1
  1.4983  0.0122     1
  1.6856  0.0122     1
  1.8729  0.0122     1
  2.0602  0.0122     1
  2.2476  0.0122     1
  2.4347  0.0122     1
  2.6229  0.0215     1
  2.8092  0.0499     1
  2.9913  0.0981     1
  3.1670  0.1662     1
  3.3311  0.2587     1
  3.4787  0.3757     1
  3.6099  0.5110     1
  3.7282  0.6577     1
  3.8378  0.8111     1
  3.9400  0.9695     1
  4.0386  1.1302     1
  4.1342  1.2927     1
  4.2261  1.4573     1
  4.3143  1.6240     1
  4.3992  1.7923     1
  4.4807  1.9623     1
  4.5616  2.1326     1
  4.6403  2.3039     1
  4.7185  2.4755     1
  4.7350  2.5130     1
128.1000
    33
  0.0000  0.0123     1
  0.1836  0.0123     1
  0.3671  0.0123     1
  0.5507  0.0123     1
  0.7343  0.0123     1
  0.9179  0.0123     1
  1.1015  0.0124     1
  1.2851  0.0124     1
  1.4687  0.0124     1
  1.6523  0.0124     1
  1.8359  0.0124     1
  2.0196  0.0124     1
  2.2030  0.0124     1
  2.3830  0.0233     1
  2.5617  0.0481     1
  2.7373  0.0893     1
  2.9075  0.1487     1
  3.0689  0.2292     1
  3.2257  0.3406     1
  3.3645  0.4739     1
  3.4898  0.6202     1
  3.6045  0.7748     1
  3.7122  0.9345     1
  3.8145  1.0976     1
  3.9131  1.2631     1
  4.0087  1.4303     1
  4.1010  1.5995     1
  4.1904  1.7701     1
  4.2782  1.9415     1
  4.3628  2.1145     1
  4.4468  2.2879     1
  4.5293  2.4618     1
  4.5529  2.5130     1
128.5950
    31
  0.0000  0.0124     1
  0.1946  0.0124     1
  0.3894  0.0124     1
  0.5841  0.0124     1
  0.7788  0.0124     1
  0.9735  0.0124     1
  1.1682  0.0124     1
  1.3630  0.0124     1
  1.5577  0.0124     1
  1.7524  0.0124     1
  1.9470  0.0124     1
  2.1390  0.0239     1
  2.3295  0.0505     1
  2.5166  0.0945     1
  2.6983  0.1574     1
  2.8694  0.2448     1
  3.0248  0.3578     1
  3.1623  0.4921     1
  3.2869  0.6386     1
  3.4012  0.7934     1
  3.5084  0.9531     1
  3.6114  1.1156     1
  3.7107  1.2804     1
  3.8078  1.4464     1
  3.9008  1.6148     1
  3.9928  1.7838     1
  4.0817  1.9544     1
  4.1699  2.1254     1
  4.2551  2.2978     1
  4.3402  2.4704     1
  4.3607  2.5130     1
128.6050
    31
  0.0000  0.0124     1
  0.1946  0.0124     1
  0.3894  0.0124     1
  0.5841  0.0124     1
  0.7789  0.0124     1
  0.9736  0.0125     1
  1.1683  0.0125     1
  1.3630  0.0125     1
  1.5578  0.0125     1
  1.7525  0.0125     1
  1.9472  0.0125     1
  2.1315  0.0232     1
  2.3144  0.0479     1
  2.4946  0.0878     1
  2.6699  0.1457     1
  2.8364  0.2251     1
  2.9900  0.3274     1
  3.1119  0.4821     1
  3.2340  0.6370     1
  3.3560  0.7918     1
  3.4781  0.9467     1
  3.6000  1.1014     1
  3.7015  1.2663     1
  3.8002  1.4330     1
  3.8942  1.6023     1
  3.9865  1.7726     1
  4.0765  1.9441     1
  4.1649  2.1165     1
  4.2516  2.2896     1
  4.3372  2.4634     1
  4.3609  2.5130     1
129.1000
    30
  0.0000  0.0125     1
  0.1870  0.0125     1
  0.3740  0.0125     1
  0.5611  0.0125     1
  0.7481  0.0125     1
  0.9352  0.0125     1
  1.1222  0.0125     1
  1.3093  0.0125     1
  1.4962  0.0125     1
  1.6832  0.0125     1
  1.8729  0.0234     1
  2.0612  0.0482     1
  2.2469  0.0879     1
  2.4280  0.1450     1
  2.6000  0.2252     1
  2.7600  0.3275     1
  2.8840  0.4822     1
  3.0080  0.6371     1
  3.1320  0.7919     1
  3.2561  0.9468     1
  3.3800  1.1015     1
  3.4783  1.2691     1
  3.5767  1.4369     1
  3.6726  1.6059     1
  3.7665  1.7761     1
  3.8588  1.9472     1
  3.9495  2.1191     1
  4.0387  2.2918     1
  4.1268  2.4651     1
  4.1502  2.5130     1
129.5950
    29
  0.0000  0.0126     1
  0.1782  0.0126     1
  0.3562  0.0126     1
  0.5344  0.0126     1
  0.7125  0.0126     1
  0.8906  0.0126     1
  1.0686  0.0126     1
  1.2466  0.0126     1
  1.4246  0.0126     1
  1.6170  0.0242     1
  1.8080  0.0497     1
  1.9966  0.0895     1
  2.1805  0.1469     1
  2.3557  0.2268     1
  2.5200  0.3276     1
  2.6440  0.4824     1
  2.7680  0.6372     1
  2.8920  0.7920     1
  3.0160  0.9468     1
  3.1400  1.1016     1
  3.2386  1.2698     1
  3.3373  1.4380     1
  3.4345  1.6070     1
  3.5297  1.7771     1
  3.6231  1.9483     1
  3.7155  2.1200     1
  3.8063  2.2925     1
  3.8957  2.4658     1
  3.9192  2.5130     1
129.6033
    30
  0.0000  0.0126     1
  0.1783  0.0126     1
  0.3564  0.0126     1
  0.5344  0.0126     1
  0.7125  0.0126     1
  0.8905  0.0126     1
  1.0686  0.0126     1
  1.2466  0.0126     1
  1.4246  0.0126     1
  1.6120  0.0237     1
  1.7981  0.0480     1
  1.9820  0.0858     1
  2.1617  0.1399     1
  2.3335  0.2151     1
  2.4928  0.3141     1
  2.6362  0.4350     1
  2.7647  0.5717     1
  2.8816  0.7187     1
  2.9900  0.8719     1
  3.0922  1.0294     1
  3.1908  1.1892     1
  3.2865  1.3507     1
  3.3809  1.5130     1
  3.4734  1.6763     1
  3.5646  1.8404     1
  3.6540  2.0055     1
  3.7427  2.1710     1
  3.8296  2.3374     1
  3.9154  2.5044     1
  3.9193  2.5130     1
129.9250
    29
  0.0000  0.0126     1
  0.1809  0.0126     1
  0.3619  0.0126     1
  0.5428  0.0126     1
  0.7235  0.0127     1
  0.9043  0.0127     1
  1.0852  0.0127     1
  1.2660  0.0127     1
  1.4531  0.0250     1
  1.6390  0.0502     1
  1.8224  0.0899     1
  2.0020  0.1436     1
  2.1735  0.2191     1
  2.3327  0.3181     1
  2.4759  0.4390     1
  2.6049  0.5752     1
  2.7217  0.7219     1
  2.8296  0.8754     1
  2.9313  1.0331     1
  3.0293  1.1930     1
  3.1246  1.3546     1
  3.2187  1.5170     1
  3.3110  1.6803     1
  3.4022  1.8442     1
  3.4920  2.0090     1
  3.5811  2.1742     1
  3.6689  2.3398     1
  3.7550  2.5066     1
  3.7577  2.5130     1
130.2500
    28
  0.0000  0.0127     1
  0.1820  0.0127     1
  0.3638  0.0127     1
  0.5456  0.0127     1
  0.7274  0.0127     1
  0.9092  0.0127     1
  1.0910  0.0127     1
  1.2784  0.0242     1
  1.4644  0.0504     1
  1.6478  0.0904     1
  1.8277  0.1441     1
  1.9998  0.2186     1
  2.1596  0.3169     1
  2.3035  0.4373     1
  2.4336  0.5727     1
  2.5510  0.7191     1
  2.6585  0.8731     1
  2.7598  1.0313     1
  2.8575  1.1916     1
  2.9524  1.3537     1
  3.0463  1.5163     1
  3.1386  1.6799     1
  3.2299  1.8440     1
  3.3205  2.0085     1
  3.4096  2.1738     1
  3.4976  2.3396     1
  3.5841  2.5063     1
  3.5870  2.5130     1
130.6000
    27
  0.0000  0.0128     1
  0.1822  0.0128     1
  0.3644  0.0128     1
  0.5466  0.0128     1
  0.7289  0.0128     1
  0.9111  0.0128     1
  1.0979  0.0247     1
  1.2832  0.0519     1
  1.4658  0.0933     1
  1.6446  0.1484     1
  1.8161  0.2232     1
  1.9748  0.3223     1
  2.1180  0.4427     1
  2.2480  0.5774     1
  2.3651  0.7236     1
  2.4706  0.8782     1
  2.5710  1.0364     1
  2.6678  1.1966     1
  2.7620  1.3585     1
  2.8550  1.5211     1
  2.9464  1.6845     1
  3.0372  1.8483     1
  3.1275  2.0124     1
  3.2168  2.1770     1
  3.3043  2.3426     1
  3.3903  2.5089     1
  3.3919  2.5130     1
131.1000
    24
  0.0000  0.0129     1
  0.2181  0.0129     1
  0.4362  0.0129     1
  0.6543  0.0129     1
  0.8395  0.0262     1
  1.0229  0.0554     1
  1.2033  0.0995     1
  1.3795  0.1579     1
  1.5481  0.2355     1
  1.7042  0.3359     1
  1.8450  0.4568     1
  1.9722  0.5921     1
  2.0872  0.7380     1
  2.1913  0.8918     1
  2.2884  1.0502     1
  2.3822  1.2105     1
  2.4746  1.3716     1
  2.5658  1.5334     1
  2.6563  1.6957     1
  2.7458  1.8584     1
  2.8345  2.0217     1
  2.9218  2.1857     1
  3.0076  2.3504     1
  3.0913  2.5130     1
131.6000
    23
  0.0000  0.0130     1
  0.1911  0.0173     1
  0.3820  0.0230     1
  0.5728  0.0324     1
  0.7609  0.0621     1
  0.9442  0.1161     1
  1.1230  0.1827     1
  1.2913  0.2729     1
  1.4468  0.3837     1
  1.5880  0.5122     1
  1.7137  0.6559     1
  1.8252  0.8110     1
  1.9270  0.9726     1
  2.0230  1.1377     1
  2.1168  1.3042     1
  2.2098  1.4711     1
  2.3023  1.6382     1
  2.3934  1.8061     1
  2.4837  1.9744     1
  2.5724  2.1437     1
  2.6600  2.3134     1
  2.7463  2.4838     1
  2.7605  2.5130     1
132.1000
    24
  0.0000  0.5801     1
  0.1834  0.5801     1
  0.3668  0.5801     1
  0.5500  0.5801     1
  0.5500  0.4198     1
  0.5500  0.2594     1
  0.5500  0.0991     1
  0.7259  0.1630     1
  0.8921  0.2492     1
  1.0460  0.3557     1
  1.1889  0.4768     1
  1.3215  0.6090     1
  1.4403  0.7537     1
  1.5431  0.9102     1
  1.6364  1.0726     1
  1.7265  1.2369     1
  1.8184  1.4001     1
  1.9129  1.5727     1
  2.0058  1.7463     1
  2.0969  1.9208     1
  2.1871  2.0958     1
  2.2762  2.2713     1
  2.3635  2.4477     1
  2.3951  2.5130     1
132.6000
    20
  0.0000  0.4462     1
  0.1833  0.4462     1
  0.3667  0.4462     1
  0.5500  0.4462     1
  0.5500  0.2832     1
  0.6950  0.4045     1
  0.8332  0.5335     1
  0.9656  0.6686     1
  1.0832  0.8166     1
  1.1870  0.9747     1
  1.2832  1.1375     1
  1.3732  1.3039     1
  1.4614  1.4712     1
  1.5491  1.6388     1
  1.6363  1.8067     1
  1.7230  1.9748     1
  1.8088  2.1433     1
  1.8932  2.3126     1
  1.9752  2.4830     1
  1.9888  2.5130     1
133.1000
    17
  0.0000  0.3123     1
  0.1491  0.3123     1
  0.2862  0.4375     1
  0.4158  0.5704     1
  0.5375  0.7106     1
  0.6499  0.8584     1
  0.7521  1.0134     1
  0.8460  1.1736     1
  0.9358  1.3361     1
  1.0237  1.4996     1
  1.1091  1.6645     1
  1.1935  1.8299     1
  1.2768  1.9959     1
  1.3586  2.1626     1
  1.4390  2.3300     1
  1.5183  2.4979     1
  1.5249  2.5130     1
133.6000
    13
  0.0000  0.6651     1
  0.1031  0.8218     1
  0.1984  0.9834     1
  0.2886  1.1479     1
  0.3768  1.3136     1
  0.4640  1.4797     1
  0.5500  1.6465     1
  0.6347  1.8139     1
  0.7182  1.9820     1
  0.8008  2.1504     1
  0.8826  2.3193     1
  0.9636  2.4885     1
  0.9747  2.5130     1
