233995 0.000 135.000 65.330 3.294 -1.038
82004 0.000 20.000 11.147 3.294 0.023
431702 20.000 125.600 74.378 3.294 -0.576
51732 125.600 135.000 129.144 3.297 0.567
4957 44.679 54.607 49.643 3.297 2.664
5597 67.506 82.507 75.006 3.297 2.731
40117 3.000 19.000 11.491 2.575 2.559
2946 0.000 135.000 59.551 3.297 0.235
1171 0.000 135.000 60.402 3.297 0.934
121 7.264 15.980 14.527 0.003 2.990
1093 0.000 135.000 57.628 3.297 -1.676
25 16.434 20.086 18.260 3.297 -1.450
29219 0.000 135.000 63.091 3.297 -0.413
122747 0.000 135.000 42.223 3.297 -0.318
108222 0.000 20.000 11.470 3.297 6.650
80000 124.500 135.000 130.000 3.297 3.480
89600 115.870 124.400 121.232 2.916 0.810
140600 109.820 115.870 115.097 2.916 0.405
141100 103.762 109.812 108.962 2.916 0.402
141100 97.704 103.754 102.826 2.916 0.402
140600 91.646 97.696 96.691 2.916 0.405
140600 85.588 91.638 90.556 2.916 0.405
140600 79.530 85.580 84.421 2.916 0.405
138600 73.472 79.522 78.285 2.916 0.415
138600 67.414 73.464 72.150 2.916 0.415
138600 61.356 67.406 66.015 2.916 0.415
136600 55.298 61.348 59.879 2.916 0.426
136600 49.240 55.290 53.744 2.916 0.426
136600 43.182 49.232 47.609 2.916 0.426
136600 37.124 43.174 41.474 2.916 0.426
136600 31.066 37.116 35.338 2.916 0.426
136600 25.008 31.058 29.203 2.916 0.426
136744 20.000 25.008 23.068 2.916 0.428